Gtm,Date,,Opp,Rslt,PA,AB,R,H,2B,3B,HR,RBI,BB,IBB,SO,HBP,SH,SF,ROE,GDP,SB,CS,BA,OBP,SLG,OPS,LOB,#,Thr,Opp. Starter (GmeSc)
2019
1,Mar 28,@,LAD,"L,5-12",35,33,5,9,4,0,2,5,0,0,10,0,0,2,0,1,0,0,.273,.257,.576,.833,3,11,L,H.Ryu (68),2019
2,Mar 29,@,LAD,"W,5-4",56,50,5,10,3,0,1,5,6,2,15,0,0,0,0,0,1,0,.229,.275,.422,.696,12,18,R,R.Stripling (66),2019
3,Mar 30,@,LAD,"L,5-18",35,32,5,7,0,0,4,5,3,0,7,0,0,0,0,2,0,0,.226,.278,.470,.747,3,13,R,K.Maeda (56),2019
4,Mar 31,@,LAD,"L,7-8",40,39,7,13,2,1,1,7,1,0,4,0,0,0,0,1,2,0,.253,.295,.481,.776,6,15,R,W.Buehler (28),2019
5,Apr 1,@,SDP,"W,10-3",45,40,10,15,5,0,1,9,4,0,8,0,0,1,0,1,1,0,.278,.322,.500,.822,8,11,L,M.Strahm (21),2019
6,Apr 2,@,SDP,"W,8-5",45,41,8,14,3,0,5,7,4,0,8,0,0,0,0,0,2,0,.289,.336,.549,.885,10,15,L,E.Lauer (34),2019
7,Apr 3,@,SDP,"L,1-4",34,33,1,7,5,0,0,1,1,0,11,0,0,0,0,1,0,0,.280,.324,.526,.850,6,13,L,J.Lucchesi (64),2019
8,Apr 5,,BOS,"W,15-8",45,40,15,18,4,0,5,14,4,1,8,0,0,0,0,1,0,1,.302,.347,.578,.925,6,13,R,R.Porcello (18),2019
9,Apr 6,,BOS,"W,5-4",35,34,5,11,2,0,0,5,1,0,6,0,0,0,0,1,0,0,.304,.347,.558,.905,4,17,L,D.Price (45),2019
10,Apr 7,,BOS,"L,0-1",31,29,0,3,2,0,0,0,1,0,8,0,1,0,0,0,0,0,.288,.331,.528,.859,4,12,R,H.Velazquez (60),2019
11,Apr 9,,TEX,"W,5-4",35,33,5,9,2,0,3,5,2,0,7,0,0,0,0,1,0,0,.287,.329,.535,.864,5,13,L,M.Minor (62),2019
12,Apr 10,,TEX,"L,2-5",39,33,2,6,1,0,0,1,3,0,12,3,0,0,0,0,0,0,.279,.328,.510,.838,10,17,R,L.Lynn (67),2019
13,Apr 11,,SDP,"L,6-7",43,36,6,8,0,0,1,6,6,0,11,1,0,0,1,0,1,0,.275,.329,.495,.824,10,16,R,P.Avila (59),2019
14,Apr 12,,SDP,"L,1-2",31,30,1,3,2,0,0,1,1,0,9,0,0,0,0,0,0,0,.264,.318,.475,.793,3,13,R,C.Paddack (62),2019
15,Apr 13,,SDP,"L,4-5",41,35,4,10,4,0,0,4,4,0,9,2,0,0,0,1,0,1,.266,.323,.470,.793,10,15,L,M.Strahm (61),2019
16,Apr 14,,SDP,"W,8-4",36,35,8,13,3,0,3,7,1,0,8,0,0,0,0,1,0,0,.272,.327,.485,.812,4,15,L,E.Lauer (44),2019
17,Apr 16,@,ATL,"W,9-6",47,37,9,12,3,0,1,9,7,2,7,3,0,0,0,1,0,0,.275,.337,.485,.822,11,16,L,M.Fried (52),2019
18,Apr 17,@,ATL,"W,3-2",41,37,3,6,1,0,1,3,4,0,14,0,0,0,1,0,2,0,.269,.331,.473,.804,8,16,R,K.Gausman (72),2019
19,Apr 18,@,ATL,"W,4-1",44,39,4,10,4,0,1,4,3,1,9,2,0,0,2,0,2,0,.268,.332,.471,.803,13,17,R,M.Soroka (59),2019
20,Apr 19,@,CHC,"L,1-5",35,33,1,7,1,0,0,1,2,0,14,0,0,0,0,0,1,1,.266,.329,.460,.789,7,12,R,K.Hendricks (80),2019
21,Apr 20,@,CHC,"W,6-0",42,35,6,13,2,0,3,5,4,0,11,0,2,1,0,1,0,0,.271,.333,.471,.804,9,10,R,Y.Darvish (49),2019
22,Apr 21,@,CHC,"L,1-2",30,28,1,3,0,0,1,1,2,0,6,0,0,0,0,2,0,0,.265,.328,.462,.789,2,13,R,T.Chatwood (69),2019
23,Apr 22,@,PIT,"W,12-4",48,44,12,17,2,1,2,12,4,0,6,0,0,0,0,0,0,0,.271,.333,.470,.803,9,17,R,J.Musgrove (53),2019
24,Apr 23,@,PIT,"W,2-1",34,32,2,6,2,0,0,2,2,0,6,0,0,0,0,1,0,0,.268,.330,.462,.791,5,13,R,T.Williams (64),2019
25,Apr 24,@,PIT,"W,11-2",42,39,11,15,4,1,3,10,1,0,8,0,1,1,0,0,0,0,.273,.332,.475,.807,4,12,R,J.Lyles (36),2019
26,Apr 25,@,PIT,"W,5-0",37,34,5,9,4,2,0,5,1,0,9,1,0,1,0,1,0,0,.273,.331,.476,.807,5,12,R,J.Taillon (40),2019
27,Apr 26,,CHC,"W,8-3",41,35,8,11,4,1,0,8,6,0,6,0,0,0,0,0,1,0,.274,.334,.476,.810,9,13,R,K.Hendricks (21),2019
28,Apr 27,,CHC,"L,1-9",34,29,1,2,1,0,1,1,4,0,10,1,0,0,1,1,1,0,.268,.330,.468,.799,6,15,R,Y.Darvish (68),2019
29,Apr 28,,CHC,"L,5-6",61,54,5,12,2,1,2,5,7,0,13,0,0,0,0,2,0,0,.266,.329,.465,.795,11,21,L,J.Quintana (49),2019
30,Apr 30,,NYY,"W,3-1",33,29,3,7,3,0,1,3,3,0,7,0,0,1,0,1,0,0,.265,.329,.465,.793,6,12,L,C.Sabathia (53),2019
2019
31,May 1,,NYY,"W,3-2",31,29,3,5,1,0,1,2,2,0,10,0,0,0,0,0,0,0,.263,.326,.461,.787,4,15,R,M.Tanaka (45),2019
32,May 3,@,COL,"W,10-9",42,40,10,12,3,0,4,10,2,0,8,0,0,0,0,0,0,0,.264,.326,.468,.794,5,16,L,T.Anderson (28),2019
33,May 4,@,COL,"W,9-2",42,37,9,12,4,0,3,9,4,1,3,0,0,1,0,1,0,0,.266,.328,.475,.803,6,14,L,K.Freeland (21),2019
34,May 5,@,COL,"L,7-8",41,38,7,11,2,0,2,7,2,0,10,0,0,1,1,0,2,0,.267,.328,.475,.803,7,15,R,G.Marquez (45),2019
35,May 6,@,TBR,"L,1-12",33,29,1,2,0,0,0,0,3,0,10,1,0,0,0,1,0,0,.262,.324,.466,.790,5,11,L,B.Snell (79),2019
36,May 7,@,TBR,"L,3-6",37,34,3,7,2,0,2,3,2,0,11,1,0,0,0,0,1,0,.261,.323,.465,.788,7,9,R,R.Stanek (58),2019
37,May 8,@,TBR,"W,3-2",52,44,3,9,1,0,0,3,8,0,19,0,0,0,0,3,0,0,.259,.323,.457,.780,10,9,R,C.Morton (49),2019
38,May 9,,ATL,"W,3-2",45,37,3,11,2,1,1,3,6,0,6,2,0,0,0,1,2,0,.260,.326,.458,.784,15,15,R,M.Soroka (61),2019
39,May 10,,ATL,"L,1-2",34,32,1,4,2,1,0,1,2,0,8,0,0,0,1,0,0,0,.257,.323,.454,.776,6,15,R,J.Teheran (64),2019
40,May 11,,ATL,"L,4-6",39,34,4,8,1,0,2,4,3,0,8,1,0,1,0,1,0,0,.256,.322,.453,.775,8,14,R,K.Gausman (62),2019
41,May 12,,ATL,"L,3-5",41,40,3,14,2,0,1,3,1,0,11,0,0,0,0,2,0,0,.259,.323,.454,.777,11,14,L,M.Fried (43),2019
42,May 13,,PIT,"W,9-3",41,35,9,13,4,1,2,8,4,0,7,0,2,0,0,0,2,0,.261,.326,.460,.786,8,15,R,N.Kingham (15),2019
43,May 14,,PIT,"L,2-6",32,30,2,4,0,0,1,2,2,0,9,0,0,0,0,1,0,0,.259,.323,.455,.779,3,13,R,J.Musgrove (78),2019
44,May 15,,PIT,"W,11-1",40,35,11,11,3,0,3,11,4,0,12,0,0,1,1,0,3,0,.260,.325,.460,.784,5,14,R,C.Archer (28),2019
45,May 17,,SFG,"W,7-0",38,33,7,10,3,1,1,7,4,1,3,1,0,0,1,2,1,0,.261,.326,.462,.788,7,14,R,J.Samardzija (43),2019
46,May 18,,SFG,"L,5-8",38,33,5,6,2,0,2,5,3,0,10,1,1,0,2,1,0,0,.259,.325,.461,.786,6,14,L,M.Bumgarner (50),2019
47,May 19,,SFG,"L,2-3",40,32,2,3,1,0,0,1,6,0,9,1,1,0,0,0,0,0,.256,.323,.454,.778,8,18,L,D.Pomeranz (49),2019
48,May 20,@,SDP,"L,1-2",35,31,1,5,1,0,0,1,3,0,12,1,0,0,0,1,0,0,.255,.322,.450,.772,7,12,R,C.Paddack (65),2019
49,May 21,@,SDP,"L,2-3",32,31,2,5,0,0,2,2,0,0,8,0,1,0,0,0,0,0,.253,.320,.448,.768,3,12,L,M.Strahm (58),2019
50,May 22,@,SDP,"L,2-5",33,32,2,6,2,0,0,2,0,0,9,1,0,0,0,1,0,0,.252,.318,.444,.762,4,16,L,E.Lauer (72),2019
51,May 24,@,SFG,"W,18-2",55,49,18,21,1,0,4,17,3,0,12,3,0,0,0,0,0,0,.256,.323,.451,.774,10,13,L,D.Pomeranz (27),2019
52,May 25,@,SFG,"W,10-4",43,38,10,13,5,1,1,8,3,1,5,0,0,2,2,1,0,0,.258,.324,.454,.778,6,14,L,A.Suarez (11),2019
53,May 26,@,SFG,"W,6-2",40,35,6,10,0,0,1,5,2,0,6,1,1,1,0,0,1,0,.259,.324,.453,.777,7,15,R,S.Anderson (29),2019
54,May 27,@,COL,"L,3-4",44,40,3,9,1,1,1,3,3,0,6,0,0,1,0,1,2,0,.258,.323,.451,.774,8,19,R,J.Gray (50),2019
55,May 28,@,COL,"L,2-6",39,35,2,9,2,0,1,2,2,1,4,1,1,0,1,1,1,0,.258,.323,.450,.773,10,12,R,A.Senzatela (46),2019
56,May 29,@,COL,"L,4-5",39,35,4,11,2,0,2,4,3,0,11,0,1,0,0,1,0,1,.259,.323,.452,.775,8,16,R,J.Hoffman (45),2019
57,May 30,@,COL,"L,10-11",45,43,10,16,2,1,3,9,2,0,12,0,0,0,0,3,0,0,.261,.325,.457,.781,5,18,L,K.Freeland (26),2019
58,May 31,,NYM,"L,4-5",37,35,4,8,0,1,2,4,2,1,9,0,0,0,0,0,1,0,.261,.324,.457,.781,6,16,R,Z.Wheeler (56),2019
2019
59,Jun 1,,NYM,"W,6-5",45,38,6,11,3,0,1,5,3,1,13,1,2,1,0,1,1,0,.261,.324,.456,.781,8,15,R,J.deGrom (66),2019
60,Jun 2,,NYM,"W,7-1",38,34,7,10,2,0,2,7,4,1,5,0,0,0,1,1,0,0,.262,.325,.458,.783,7,12,L,S.Matz (39),2019
61,Jun 3,,LAD,"L,1-3",30,30,1,3,1,0,1,1,0,0,11,0,0,0,0,0,0,0,.260,.322,.455,.777,2,12,R,W.Buehler (85),2019
62,Jun 4,,LAD,"L,0-9",32,31,0,3,1,0,0,0,1,0,3,0,0,0,2,1,0,0,.257,.320,.450,.770,5,14,L,H.Ryu (73),2019
63,Jun 5,,LAD,"W,3-2",40,35,3,5,2,1,0,3,4,1,11,1,0,0,0,0,1,0,.256,.319,.447,.766,7,18,R,K.Maeda (65),2019
64,Jun 7,@,TOR,"W,8-2",39,36,8,10,1,0,3,8,3,0,8,0,0,0,0,0,1,1,.256,.319,.449,.768,4,10,R,M.Stroman (33),2019
65,Jun 8,@,TOR,"W,6-0",40,35,6,10,1,0,2,6,4,0,4,0,0,1,0,0,1,1,.256,.319,.449,.769,7,9,R,A.Sanchez (39),2019
66,Jun 9,@,TOR,"W,8-2",44,37,8,10,1,1,2,8,7,0,7,0,0,0,0,0,0,0,.257,.320,.450,.771,9,10,L,C.Richard (16),2019
67,Jun 10,@,PHI,"W,13-8",46,40,13,14,1,0,8,13,6,0,9,0,0,0,0,1,1,0,.258,.322,.459,.781,6,14,R,J.Eickhoff (21),2019
68,Jun 11,@,PHI,"L,4-7",40,34,4,8,2,0,1,4,5,0,6,0,0,1,0,0,0,0,.258,.323,.458,.780,9,15,R,J.Arrieta (49),2019
69,Jun 12,@,PHI,"W,2-0",32,30,2,6,1,0,0,2,1,1,9,0,0,1,0,2,0,0,.257,.321,.455,.776,3,11,R,Z.Eflin (72),2019
70,Jun 13,@,WSN,"W,5-0",35,32,5,7,2,0,2,5,3,0,4,0,0,0,0,2,0,0,.257,.321,.455,.776,3,12,R,E.Fedde (38),2019
71,Jun 14,@,WSN,"L,3-7",38,34,3,6,2,0,2,3,3,0,13,1,0,0,1,0,1,0,.256,.320,.455,.775,8,14,R,M.Scherzer (72),2019
72,Jun 15,@,WSN,"W,10-3",45,40,10,15,3,1,5,10,4,1,7,0,0,1,1,1,0,0,.257,.322,.461,.783,8,16,R,S.Strasburg (29),2019
73,Jun 16,@,WSN,"L,5-15",42,38,5,11,2,0,1,5,1,0,6,2,0,1,1,0,0,0,.258,.322,.461,.783,10,13,R,A.Sanchez (55),2019
74,Jun 18,,COL,"L,1-8",38,34,1,7,1,0,0,1,4,0,6,0,0,0,1,1,0,0,.257,.321,.458,.779,10,14,R,A.Senzatela (57),2019
75,Jun 19,,COL,"L,4-6",39,36,4,10,0,0,1,4,2,0,7,1,0,0,2,2,2,0,.257,.322,.457,.778,8,13,R,J.Gray (56),2019
76,Jun 20,,COL,"L,4-6",48,37,4,10,3,0,1,4,8,1,14,1,1,1,0,1,1,0,.258,.323,.456,.779,14,17,R,J.Hoffman (49),2019
77,Jun 21,,SFG,"L,5-11",40,35,5,10,2,1,1,5,3,0,9,1,1,0,1,1,1,0,.258,.323,.457,.780,8,14,R,J.Samardzija (38),2019
78,Jun 22,,SFG,"L,4-7",39,34,4,8,1,0,0,2,5,0,8,0,0,0,0,0,2,0,.258,.323,.454,.778,8,15,R,T.Beede (34),2019
79,Jun 23,,SFG,"W,3-2",37,33,3,7,1,0,0,3,3,1,4,0,1,0,0,0,0,0,.257,.323,.452,.775,6,16,R,S.Anderson (55),2019
80,Jun 24,,LAD,"W,8-5",37,33,8,11,0,0,2,8,3,0,5,0,0,1,0,1,1,0,.258,.324,.452,.776,5,16,L,C.Kershaw (43),2019
81,Jun 25,,LAD,"L,2-3",35,33,2,6,2,0,0,2,2,0,9,0,0,0,0,0,1,0,.257,.323,.450,.773,6,13,R,R.Stripling (48),2019
82,Jun 26,,LAD,"W,8-2",37,35,8,9,3,0,1,8,1,0,8,0,0,1,3,0,4,0,.257,.322,.450,.772,5,14,R,T.Gonsolin (33),2019
83,Jun 27,@,SFG,"W,5-1",37,33,5,8,3,0,2,5,4,0,6,0,0,0,0,2,0,0,.257,.322,.451,.773,5,15,R,T.Beede (52),2019
84,Jun 28,@,SFG,"L,3-6",40,38,3,11,3,0,0,3,2,0,6,0,0,0,0,0,0,0,.257,.322,.449,.771,10,15,R,S.Anderson (49),2019
85,Jun 29,@,SFG,"W,4-3",41,36,4,11,2,0,0,3,3,0,8,1,1,0,1,2,0,0,.258,.323,.448,.771,10,14,L,D.Pomeranz (62),2019
86,Jun 30,@,SFG,"L,4-10",37,34,4,8,1,1,0,4,2,0,11,0,0,1,0,0,0,0,.258,.322,.447,.769,6,16,L,M.Bumgarner (74),2019
2019
87,Jul 2,@,LAD,"L,4-5",39,34,4,8,1,0,1,4,4,1,10,1,0,0,0,1,0,0,.258,.322,.446,.768,8,16,R,R.Stripling (39),2019
88,Jul 3,@,LAD,"L,4-5",40,40,4,10,1,0,2,4,0,0,11,0,0,0,0,0,0,0,.257,.321,.446,.767,6,18,R,W.Buehler (56),2019
89,Jul 5,,COL,"W,8-0",35,30,8,9,1,0,2,8,4,0,4,0,0,1,0,2,1,0,.258,.322,.447,.768,3,13,R,A.Senzatela (20),2019
90,Jul 6,,COL,"W,4-2",38,35,4,13,2,0,1,4,3,1,6,0,0,0,0,2,1,0,.259,.323,.447,.770,10,14,R,J.Gray (41),2019
91,Jul 7,,COL,"W,5-3",34,33,5,8,2,1,1,5,1,0,7,0,0,0,0,0,0,0,.259,.322,.447,.770,5,14,R,G.Marquez (46),2019
92,Jul 12,@,STL,"W,4-2",34,31,4,6,1,0,3,4,1,0,8,2,0,0,0,2,0,0,.258,.322,.448,.770,3,14,R,D.Ponce de Leon (71),2019
93,Jul 13,@,STL,"L,2-4",37,31,2,4,1,0,1,2,5,0,10,1,0,0,0,0,0,0,.257,.321,.446,.768,8,14,R,D.Hudson (59),2019
94,Jul 14,@,STL,"L,2-5",39,34,2,8,1,0,0,2,4,0,10,1,0,0,0,1,0,0,.257,.321,.444,.766,10,13,R,A.Wainwright (75),2019
95,Jul 16,@,TEX,"W,9-2",40,37,9,10,2,1,1,7,2,0,10,0,0,1,0,0,2,0,.257,.321,.445,.766,4,9,R,L.Lynn (41),2019
96,Jul 17,@,TEX,"W,19-4",59,47,19,21,5,0,5,19,8,0,9,3,0,1,0,0,0,0,.260,.325,.450,.775,13,12,R,J.Chavez (13),2019
97,Jul 18,,MIL,"L,1-5",34,31,1,7,0,0,0,1,3,0,1,0,0,0,0,3,2,0,.259,.324,.448,.773,6,12,R,Z.Davies (60),2019
98,Jul 19,,MIL,"W,10-7",41,32,10,10,4,1,2,9,8,1,7,0,0,1,1,2,0,0,.260,.326,.451,.776,7,17,R,J.Chacin (18),2019
99,Jul 20,,MIL,"L,3-8",35,31,3,6,3,1,0,3,3,0,11,0,1,0,0,1,0,0,.259,.325,.450,.775,5,13,L,G.Gonzalez (39),2019
100,Jul 21,,MIL,"L,4-7",40,34,4,9,2,0,1,4,5,1,11,0,0,1,0,1,1,0,.259,.325,.449,.775,9,18,R,B.Woodruff (32),2019
101,Jul 22,,BAL,"W,6-3",40,36,6,12,3,2,0,6,4,0,6,0,0,0,0,0,1,0,.260,.326,.450,.776,10,13,R,A.Brooks (21),2019
102,Jul 23,,BAL,"L,2-7",32,29,2,5,0,0,0,2,3,0,7,0,0,0,0,2,1,0,.259,.325,.448,.773,3,14,R,D.Bundy (58),2019
103,Jul 24,,BAL,"W,5-2",43,36,5,11,0,0,2,5,7,1,8,0,0,0,2,1,1,0,.260,.326,.448,.775,14,15,L,J.Means (37),2019
104,Jul 26,@,MIA,"L,2-3",35,31,2,6,1,1,0,2,4,0,8,0,0,0,0,1,1,1,.259,.326,.447,.773,6,15,R,S.Alcantara (55),2019
105,Jul 27,@,MIA,"W,9-2",38,33,9,7,2,0,2,9,3,0,7,2,0,0,0,1,0,0,.259,.326,.447,.773,2,13,R,J.Yamamoto (34),2019
Gtm,Date,,Opp,Rslt,PA,AB,R,H,2B,3B,HR,RBI,BB,IBB,SO,HBP,SH,SF,ROE,GDP,SB,CS,BA,OBP,SLG,OPS,LOB,#,Thr,Opp. Starter (GmeSc)
2018
1,Mar 29,,COL,"W,8-2",42,36,8,12,2,1,0,8,6,0,11,0,0,0,0,0,2,0,.333,.429,.444,.873,10,17,R,J.Gray (39),2018
2,Mar 30,,COL,"W,9-8",38,32,9,8,1,1,1,9,5,0,9,1,0,0,0,0,1,0,.294,.400,.441,.841,5,16,L,T.Anderson (18),2018
3,Mar 31,,COL,"L,1-2",34,29,1,5,1,0,0,1,5,0,8,0,0,0,1,2,0,0,.258,.368,.371,.740,6,14,R,G.Marquez (57),2018
4,Apr 2,,LAD,"W,8-7",63,53,8,14,4,2,1,8,10,1,11,0,0,0,0,2,0,1,.260,.373,.407,.780,12,20,L,H.Ryu (36),2018
5,Apr 3,,LAD,"W,6-1",38,33,6,8,0,0,3,6,5,0,8,0,0,0,1,0,0,0,.257,.367,.426,.794,8,13,L,C.Kershaw (61),2018
6,Apr 4,,LAD,"W,3-0",29,27,3,7,4,0,0,3,0,0,7,0,1,1,0,1,2,0,.257,.354,.424,.778,2,12,L,A.Wood (53),2018
7,Apr 5,@,STL,"W,3-1",42,34,3,9,3,1,0,3,5,1,9,1,1,1,1,0,0,0,.258,.356,.422,.778,12,14,R,A.Wainwright (40),2018
8,Apr 7,@,STL,"L,3-5",39,31,3,5,2,0,0,3,7,0,12,0,1,0,1,1,0,0,.247,.351,.400,.751,9,13,R,M.Wacha (51),2018
9,Apr 8,@,STL,"W,4-1",35,33,4,7,0,0,2,4,2,0,9,0,0,0,0,0,1,0,.244,.342,.399,.741,4,15,R,L.Weaver (69),2018
10,Apr 9,@,SFG,"W,2-1",32,30,2,5,0,1,0,2,1,0,11,0,0,1,0,0,0,1,.237,.329,.385,.714,3,12,L,D.Holland (67),2018
11,Apr 10,@,SFG,"L,4-5",40,32,4,6,3,0,1,4,7,0,9,1,0,0,0,1,1,0,.232,.331,.384,.715,9,13,R,T.Beede (46),2018
12,Apr 11,@,SFG,"W,7-3",37,36,7,9,4,0,2,7,1,0,9,0,0,0,0,0,1,0,.234,.326,.397,.723,3,16,L,A.Suarez (51),2018
13,Apr 13,@,LAD,"W,8-7",40,36,8,10,3,0,2,6,3,0,14,0,0,1,1,1,0,0,.238,.326,.407,.733,5,13,R,K.Maeda (34),2018
14,Apr 14,@,LAD,"W,9-1",38,36,9,10,2,0,4,9,2,0,7,0,0,0,0,0,0,0,.241,.325,.427,.752,2,16,L,R.Hill (28),2018
15,Apr 15,@,LAD,"L,2-7",33,32,2,4,2,0,1,2,1,0,14,0,0,0,1,0,0,0,.233,.315,.418,.733,4,13,L,C.Kershaw (81),2018
16,Apr 17,,SFG,"W,1-0",29,26,1,3,0,0,0,1,1,0,12,1,1,0,0,0,0,0,.228,.309,.403,.712,4,9,R,J.Cueto (84),2018
17,Apr 18,,SFG,"L,3-4",42,39,3,10,6,1,0,3,3,1,10,0,0,0,1,2,0,0,.230,.309,.407,.716,9,16,R,C.Stratton (71),2018
18,Apr 19,,SFG,"W,3-1",34,30,3,7,1,0,2,3,3,0,4,0,1,0,0,0,0,0,.230,.309,.410,.719,7,12,L,T.Blach (53),2018
19,Apr 20,,SDP,"L,1-4",32,28,1,1,1,0,0,1,4,0,14,0,0,0,0,0,2,0,.221,.302,.395,.697,4,15,R,T.Ross (80),2018
20,Apr 21,,SDP,"W,6-2",37,32,6,10,1,2,1,6,5,0,10,0,0,0,0,0,0,2,.226,.307,.403,.710,7,13,L,C.Richard (48),2018
21,Apr 22,,SDP,"W,4-2",33,29,4,6,0,0,1,3,4,0,6,0,0,0,0,0,2,0,.225,.307,.399,.706,5,13,L,J.Lucchesi (41),2018
22,Apr 24,@,PHI,"W,8-4",41,35,8,11,1,0,3,8,6,0,12,0,0,0,0,3,2,0,.229,.312,.409,.721,6,16,R,V.Velasquez (44),2018
23,Apr 25,@,PHI,"L,3-5",36,30,3,5,0,0,0,3,4,0,6,0,0,2,2,2,1,0,.227,.310,.399,.709,6,15,R,J.Arrieta (61),2018
24,Apr 26,@,PHI,"W,8-2",43,36,8,11,4,0,3,8,7,1,10,0,0,0,0,1,0,0,.230,.315,.411,.726,8,14,R,B.Lively (12),2018
25,Apr 27,@,WSN,"W,5-4",34,31,5,6,1,1,1,5,2,0,8,0,0,1,1,0,0,2,.229,.312,.410,.722,2,14,R,S.Strasburg (46),2018
26,Apr 28,@,WSN,"W,4-3",41,37,4,9,1,0,2,4,4,0,7,0,0,0,0,2,0,0,.229,.312,.411,.724,7,16,R,J.Hellickson (50),2018
27,Apr 29,@,WSN,"L,1-3",35,32,1,8,2,0,0,1,2,0,10,0,0,1,0,2,0,0,.230,.311,.408,.719,7,13,L,G.Gonzalez (67),2018
28,Apr 30,,LAD,"W,8-5",43,37,8,13,3,0,4,7,5,1,6,1,0,0,1,0,0,1,.235,.317,.422,.738,11,16,R,R.Stripling (31),2018
2018
29,May 1,,LAD,"W,4-3",37,34,4,10,0,1,2,4,3,1,9,0,0,0,0,0,3,0,.237,.318,.425,.743,9,17,L,C.Kershaw (57),2018
30,May 2,,LAD,"L,1-2",36,32,1,6,3,0,0,1,4,0,11,0,0,0,0,1,1,0,.235,.316,.421,.737,8,16,L,H.Ryu (53),2018
31,May 3,,LAD,"L,2-5",36,33,2,6,0,0,0,2,2,0,9,1,0,0,1,1,2,0,.234,.314,.413,.728,7,17,L,A.Wood (61),2018
32,May 4,,HOU,"L,0-8",29,28,0,1,1,0,0,0,1,0,16,0,0,0,0,0,0,0,.229,.308,.404,.713,2,11,R,G.Cole (100),2018
33,May 5,,HOU,"W,4-3",40,30,4,6,2,0,1,4,8,0,7,1,0,1,0,0,1,0,.228,.311,.403,.714,10,17,R,C.Morton (48),2018
34,May 6,,HOU,"W,3-1",31,27,3,5,1,1,0,2,3,0,10,0,1,0,0,0,0,0,.227,.310,.401,.710,4,15,R,J.Verlander (65),2018
35,May 8,@,LAD,"W,8-5",51,45,8,12,1,0,4,8,5,0,11,0,1,0,0,0,0,1,.228,.311,.407,.717,7,21,L,R.Hill (31),2018
36,May 9,@,LAD,"L,3-6",39,34,3,8,1,0,1,3,5,0,7,0,0,0,0,1,0,0,.228,.311,.405,.716,9,15,L,A.Wood (54),2018
37,May 10,,WSN,"L,1-2",43,40,1,8,1,0,0,1,2,0,9,1,0,0,0,0,2,1,.228,.310,.399,.709,9,18,R,T.Roark (69),2018
38,May 11,,WSN,"L,1-3",32,32,1,5,0,1,1,1,0,0,14,0,0,0,0,0,0,0,.226,.306,.397,.703,4,13,R,M.Scherzer (76),2018
39,May 12,,WSN,"L,1-2",36,32,1,5,1,0,0,1,2,0,12,1,1,0,1,0,0,0,.224,.304,.392,.696,8,16,R,S.Strasburg (68),2018
40,May 13,,WSN,"L,4-6",37,35,4,9,2,1,0,4,1,0,12,0,1,0,1,0,1,0,.225,.304,.391,.695,6,15,R,J.Hellickson (61),2018
41,May 14,,MIL,"L,2-7",36,31,2,5,1,0,0,2,4,0,6,0,0,1,0,0,0,0,.223,.302,.387,.689,7,16,R,J.Guerra (57),2018
42,May 15,,MIL,"W,2-1",31,25,2,3,0,0,0,1,4,1,7,0,2,0,1,1,0,0,.222,.301,.382,.683,5,15,R,J.Chacin (74),2018
43,May 16,,MIL,"L,2-8",35,31,2,4,0,1,1,2,4,0,11,0,0,0,0,0,1,0,.220,.300,.380,.680,6,16,R,B.Woodruff (59),2018
44,May 18,@,NYM,"L,1-3",32,32,1,6,2,0,0,1,0,0,16,0,0,0,0,0,0,0,.219,.298,.377,.675,4,13,R,J.deGrom (74),2018
45,May 19,@,NYM,"L,4-5",35,34,4,8,2,0,2,4,1,0,9,0,0,0,0,1,4,0,.219,.297,.379,.676,4,16,L,S.Matz (35),2018
46,May 20,@,NYM,"L,1-4",33,31,1,6,0,0,0,1,1,0,11,0,1,0,1,0,1,1,.219,.295,.375,.671,5,13,R,N.Syndergaard (67),2018
47,May 21,@,MIL,"L,2-4",34,29,2,3,0,0,1,2,4,0,6,1,0,0,0,1,0,0,.217,.294,.372,.666,5,12,R,C.Anderson (58),2018
48,May 22,@,MIL,"L,0-1",32,25,0,3,1,0,0,0,7,0,10,0,0,0,0,1,0,2,.215,.294,.369,.663,5,15,R,J.Chacin (65),2018
49,May 23,@,MIL,"L,2-9",33,31,2,4,0,0,2,2,2,0,12,0,0,0,0,0,0,0,.213,.292,.368,.660,4,16,L,B.Suter (57),2018
50,May 25,@,OAK,"W,7-1",44,39,7,12,3,2,1,7,5,0,5,0,0,0,1,1,1,0,.216,.295,.373,.667,10,10,L,S.Manaea (21),2018
51,May 26,@,OAK,"L,0-3",30,29,0,2,0,0,0,0,0,0,5,0,1,0,1,0,0,0,.213,.291,.367,.659,3,9,R,D.Mengden (88),2018
52,May 27,@,OAK,"L,1-2",32,29,1,3,0,0,0,1,2,0,11,0,0,1,0,0,0,0,.211,.289,.363,.652,4,9,R,F.Montas (67),2018
53,May 28,,CIN,"W,12-5",41,36,12,11,1,1,3,12,5,0,7,0,0,0,2,0,1,1,.213,.291,.369,.660,5,14,R,H.Bailey (24),2018
54,May 29,,CIN,"W,5-2",32,27,5,4,1,0,1,4,4,0,7,0,0,1,1,1,0,0,.212,.290,.368,.658,3,13,R,L.Castillo (44),2018
55,May 30,,CIN,"L,4-7",40,39,4,13,1,0,2,4,1,0,5,0,0,0,0,1,0,0,.215,.291,.371,.662,9,16,R,S.Romano (40),2018
2018
56,Jun 1,,MIA,"W,9-1",36,33,9,11,0,0,6,9,2,0,2,0,1,0,0,1,0,0,.217,.293,.380,.673,3,13,R,E.Hernandez (28),2018
57,Jun 2,,MIA,"W,6-2",35,28,6,6,1,1,2,6,5,2,7,1,0,1,0,0,0,1,.217,.294,.382,.676,5,14,L,C.Smith (35),2018
58,Jun 3,,MIA,"W,6-1",38,29,6,6,2,1,1,4,8,0,7,0,0,1,2,2,2,0,.217,.295,.383,.678,8,13,R,D.Straily (54),2018
59,Jun 4,@,SFG,"L,3-10",36,33,3,7,2,0,0,3,3,0,11,0,0,0,0,1,0,0,.217,.295,.381,.676,6,16,L,D.Holland (50),2018
60,Jun 5,@,SFG,"W,3-2",38,36,3,9,3,0,0,3,1,0,7,0,1,0,1,1,0,0,.217,.294,.380,.675,8,15,L,M.Bumgarner (51),2018
61,Jun 6,@,SFG,"L,4-5",44,38,4,10,4,0,0,4,6,2,13,0,0,0,0,0,2,0,.218,.296,.380,.676,10,16,R,C.Stratton (37),2018
62,Jun 8,@,COL,"W,9-4",42,37,9,12,4,1,4,9,3,1,7,0,1,1,0,0,0,0,.220,.297,.388,.685,6,14,R,G.Marquez (33),2018
63,Jun 9,@,COL,"W,12-7",48,39,12,13,3,0,3,11,5,1,12,3,1,0,1,1,1,0,.222,.300,.393,.693,9,15,R,C.Bettis (36),2018
64,Jun 10,@,COL,"W,8-3",43,36,8,10,4,1,1,8,6,0,11,0,0,1,0,1,1,0,.223,.301,.395,.696,8,15,L,K.Freeland (52),2018
65,Jun 11,,PIT,"W,9-5",39,34,9,9,0,1,1,7,2,0,9,3,0,0,1,0,1,0,.224,.302,.395,.698,6,13,R,J.Musgrove (58),2018
66,Jun 12,,PIT,"W,13-8",41,34,13,11,0,2,1,10,6,1,11,0,0,1,1,0,0,1,.225,.304,.397,.702,4,16,R,T.Williams (25),2018
67,Jun 13,,PIT,"L,4-5",39,34,4,8,0,0,1,4,5,1,7,0,0,0,0,0,0,0,.225,.305,.396,.701,8,16,R,J.Taillon (59),2018
68,Jun 14,,NYM,"W,6-3",35,29,6,8,0,0,4,6,4,0,8,2,0,0,0,2,0,1,.226,.306,.400,.706,5,13,L,J.Vargas (48),2018
69,Jun 15,,NYM,"W,7-3",39,34,7,12,0,1,2,7,4,0,10,0,0,1,0,0,2,1,.228,.307,.403,.710,8,13,R,S.Lugo (37),2018
70,Jun 16,,NYM,"L,1-5",36,34,1,6,0,1,0,1,1,0,8,1,0,0,1,0,0,0,.227,.306,.400,.707,8,13,L,S.Matz (60),2018
71,Jun 17,,NYM,"L,3-5",37,33,3,7,2,0,0,3,4,0,9,0,0,0,1,2,0,0,.227,.306,.399,.705,7,16,R,Z.Wheeler (64),2018
72,Jun 18,@,LAA,"W,7-4",41,38,7,10,1,0,3,7,3,0,11,0,0,0,1,0,0,0,.228,.306,.401,.707,7,9,R,J.Barria (30),2018
73,Jun 19,@,LAA,"L,4-5",39,32,4,5,1,0,1,4,6,0,14,1,0,0,0,0,0,0,.227,.306,.399,.705,8,9,R,F.Pena (57),2018
74,Jun 21,@,PIT,"W,9-3",44,36,9,10,4,0,2,9,5,0,4,1,1,1,1,0,0,0,.227,.307,.401,.709,8,14,R,C.Kuhl (9),2018
75,Jun 22,@,PIT,"W,2-1",50,47,2,8,2,0,0,1,2,1,13,0,1,0,2,0,1,0,.226,.306,.398,.703,9,18,R,I.Nova (84),2018
76,Jun 23,@,PIT,"W,7-2",41,36,7,10,4,1,1,6,5,1,8,0,0,0,0,0,0,0,.227,.306,.400,.706,7,13,R,J.Musgrove (27),2018
77,Jun 24,@,PIT,"W,3-0",33,32,3,6,0,0,2,3,1,0,7,0,0,0,1,2,0,0,.227,.305,.399,.705,3,13,R,T.Williams (56),2018
78,Jun 25,@,MIA,"L,5-9",37,33,5,6,1,1,1,5,1,0,7,1,0,2,1,0,0,0,.226,.304,.399,.703,5,13,R,D.Straily (59),2018
79,Jun 26,@,MIA,"W,5-3",43,35,5,8,4,0,0,5,6,2,11,1,0,1,1,0,0,0,.226,.305,.398,.703,11,14,R,E.Hernandez (52),2018
80,Jun 27,@,MIA,"W,2-1",34,32,2,6,1,0,1,2,2,0,7,0,0,0,0,0,0,0,.226,.304,.397,.701,5,13,L,W.Chen (62),2018
81,Jun 28,@,MIA,"W,4-0",38,34,4,11,2,0,0,4,4,0,4,0,0,0,0,2,2,1,.227,.305,.397,.702,7,13,R,T.Richards (39),2018
82,Jun 29,,SFG,"L,1-2",36,33,1,7,1,0,0,1,2,0,7,0,0,1,0,0,0,0,.227,.305,.395,.700,8,15,L,A.Suarez (57),2018
83,Jun 30,,SFG,"L,0-7",34,32,0,7,2,0,0,0,2,0,9,0,0,0,0,0,0,0,.227,.304,.394,.698,7,14,R,D.Rodriguez (64),2018
2018
84,Jul 1,,SFG,"L,6-9",43,37,6,13,2,1,1,6,4,1,9,0,1,1,0,1,2,0,.228,.305,.396,.701,10,14,L,D.Holland (35),2018
85,Jul 2,,STL,"L,3-6",36,33,3,8,0,1,0,3,2,0,8,0,1,0,1,2,0,0,.228,.305,.395,.700,6,14,R,C.Martinez (61),2018
86,Jul 3,,STL,"W,4-2",32,29,4,6,2,0,1,4,2,1,8,1,0,0,0,1,1,0,.228,.305,.394,.699,4,14,R,J.Flaherty (54),2018
87,Jul 4,,STL,"L,4-8",42,34,4,8,0,0,0,1,6,1,8,1,1,0,1,1,0,0,.228,.306,.393,.698,11,16,R,M.Mikolas (49),2018
88,Jul 5,,SDP,"L,3-6",39,36,3,11,2,0,1,3,2,0,8,1,0,0,0,1,0,0,.229,.306,.393,.700,9,15,L,E.Lauer (49),2018
89,Jul 6,,SDP,"W,3-1",35,30,3,6,2,0,0,3,3,0,7,2,0,0,0,0,1,0,.229,.306,.392,.698,8,13,L,J.Lucchesi (58),2018
90,Jul 7,,SDP,"W,20-5",50,41,20,18,4,0,5,19,7,0,10,1,0,1,1,1,0,0,.232,.310,.399,.709,6,16,R,T.Ross (10),2018
91,Jul 8,,SDP,"L,3-4",63,57,3,11,4,0,0,3,4,0,18,2,0,0,0,3,1,0,.231,.309,.396,.705,12,22,L,C.Richard (43),2018
92,Jul 10,@,COL,"W,5-3",41,34,5,8,3,0,3,5,7,0,10,0,0,0,0,0,0,0,.231,.310,.399,.708,9,15,L,T.Anderson (66),2018
93,Jul 11,@,COL,"L,2-19",35,32,2,6,0,0,1,2,3,0,10,0,0,0,0,1,0,0,.231,.309,.397,.706,6,16,R,G.Marquez (60),2018
94,Jul 12,@,COL,"L,1-5",37,33,1,7,2,1,0,1,2,1,7,1,1,0,0,0,2,0,.230,.309,.397,.705,9,15,L,K.Freeland (55),2018
95,Jul 13,@,ATL,"W,2-1",35,32,2,7,3,0,0,2,2,0,11,0,1,0,0,0,0,0,.230,.308,.396,.704,6,14,R,A.Sanchez (64),2018
96,Jul 14,@,ATL,"W,3-0",37,34,3,7,2,0,1,3,3,0,5,0,0,0,0,0,0,0,.230,.308,.395,.703,7,13,L,S.Newcomb (48),2018
97,Jul 15,@,ATL,"L,1-5",33,30,1,5,2,0,1,1,3,0,7,0,0,0,0,1,0,0,.229,.307,.395,.702,5,14,R,J.Teheran (68),2018
98,Jul 20,,COL,"L,10-11",45,40,10,14,3,1,0,7,4,0,13,0,0,1,1,1,3,0,.231,.308,.396,.704,8,17,R,G.Marquez (32),2018
99,Jul 21,,COL,"L,5-6",42,34,5,8,0,0,0,5,6,0,9,1,0,1,0,0,0,0,.231,.309,.394,.703,10,16,L,K.Freeland (41),2018
100,Jul 22,,COL,"W,6-1",35,30,6,7,3,1,0,6,5,0,7,0,0,0,1,1,0,0,.231,.309,.394,.704,5,12,R,A.Senzatela (46),2018
101,Jul 23,@,CHC,"W,7-1",40,34,7,9,1,0,1,7,4,0,5,1,0,1,0,1,0,0,.231,.310,.394,.704,6,12,R,L.Farrell (24),2018
102,Jul 24,@,CHC,"W,5-1",43,36,5,12,1,1,0,5,4,0,13,1,1,1,0,0,0,0,.232,.311,.394,.705,11,14,R,K.Hendricks (47),2018
103,Jul 25,@,CHC,"L,1-2",32,32,1,5,1,0,1,1,0,0,9,0,0,0,0,0,1,0,.232,.310,.393,.703,4,11,L,J.Lester (67),2018
104,Jul 26,@,CHC,"L,6-7",42,33,6,9,1,0,2,6,9,0,7,0,0,0,0,2,0,0,.232,.311,.394,.705,9,15,R,T.Chatwood (36),2018
105,Jul 27,@,SDP,"W,6-2",39,37,6,11,5,0,0,6,2,0,7,0,0,0,1,2,0,0,.233,.311,.395,.706,6,11,R,L.Perdomo (17),2018
106,Jul 28,@,SDP,"W,9-4",47,40,9,15,5,0,0,9,6,0,6,0,1,0,0,1,0,0,.234,.313,.396,.708,11,15,R,T.Ross (38),2018
107,Jul 29,@,SDP,"W,5-4",38,33,5,9,1,0,3,5,4,0,8,0,1,0,0,0,0,2,.235,.313,.397,.710,6,14,L,J.Lucchesi (31),2018
108,Jul 30,,TEX,"L,5-9",40,35,5,9,1,2,1,5,4,0,11,0,0,1,1,0,0,0,.235,.313,.398,.711,8,15,L,M.Perez (48),2018
109,Jul 31,,TEX,"W,6-0",37,32,6,9,2,0,1,5,4,1,7,0,1,0,0,0,0,0,.235,.314,.399,.712,7,11,R,B.Colon (34),2018
2018
110,Aug 2,,SFG,"L,1-8",40,36,1,10,2,0,0,1,3,0,8,0,0,1,0,0,1,0,.236,.314,.398,.712,12,15,L,M.Bumgarner (51),2018
111,Aug 3,,SFG,"W,6-3",39,33,6,12,1,0,2,6,5,0,7,1,0,0,0,3,0,0,.237,.315,.399,.715,9,13,R,C.Stratton (15),2018
112,Aug 4,,SFG,"W,9-3",36,33,9,12,1,1,3,9,3,0,7,0,0,0,0,1,0,1,.238,.316,.402,.718,3,15,L,A.Suarez (18),2018
113,Aug 5,,SFG,"L,2-3",35,30,2,4,1,0,1,2,4,0,9,1,0,0,0,1,1,0,.237,.315,.401,.717,6,15,L,D.Holland (58),2018
114,Aug 6,,PHI,"W,3-2",57,51,3,12,5,0,2,3,6,1,7,0,0,0,0,1,3,0,.237,.315,.402,.717,14,18,R,J.Arrieta (78),2018
115,Aug 7,,PHI,"L,2-5",34,33,2,9,1,0,0,2,1,0,7,0,0,0,1,4,0,0,.237,.315,.401,.716,5,13,R,N.Pivetta (67),2018
116,Aug 8,,PHI,"W,6-0",39,34,6,13,4,1,0,5,3,0,6,1,0,1,0,2,0,0,.239,.316,.402,.719,9,12,R,V.Velasquez (34),2018
117,Aug 10,@,CIN,"L,0-3",30,30,0,5,1,0,0,0,0,0,10,0,0,0,0,2,0,0,.238,.315,.401,.716,3,11,R,A.DeSclafani (80),2018
118,Aug 11,@,CIN,"L,3-6",34,33,3,7,2,0,2,3,1,0,8,0,0,0,0,1,0,0,.238,.315,.401,.716,4,14,R,M.Harvey (65),2018
119,Aug 12,@,CIN,"W,9-2",40,36,9,10,3,0,5,9,3,0,10,0,1,0,0,0,0,0,.238,.315,.405,.720,4,13,R,L.Castillo (45),2018
120,Aug 13,@,TEX,"L,3-5",34,33,3,6,2,0,0,3,1,0,6,0,0,0,0,0,1,0,.238,.314,.403,.717,4,11,R,B.Colon (49),2018
121,Aug 14,@,TEX,"W,6-4",41,35,6,10,3,0,2,5,6,0,5,0,0,0,0,2,1,0,.238,.315,.405,.719,8,9,R,Y.Gallardo (30),2018
122,Aug 16,@,SDP,"W,5-1",43,33,5,7,1,0,1,5,8,0,15,1,1,0,0,0,0,0,.238,.315,.404,.719,11,9,R,J.Nix (21),2018
123,Aug 17,@,SDP,"W,9-4",45,38,9,13,3,0,2,9,6,1,15,0,1,0,0,1,0,0,.239,.316,.406,.722,9,16,L,J.Lucchesi (27),2018
124,Aug 18,@,SDP,"L,6-7",38,37,6,12,4,0,0,6,0,0,8,0,0,1,0,1,0,0,.240,.316,.406,.722,5,16,L,C.Richard (32),2018
125,Aug 19,@,SDP,"W,4-3",41,37,4,11,1,0,3,4,4,1,8,0,0,0,0,0,0,0,.240,.317,.407,.724,10,14,R,B.Kennedy (48),2018
126,Aug 21,,LAA,"W,5-4",37,30,5,8,1,0,1,4,4,0,13,2,1,0,0,1,1,0,.240,.317,.407,.725,8,15,R,F.Pena (52),2018
127,Aug 22,,LAA,"W,5-1",37,34,5,10,2,0,2,5,3,0,9,0,0,0,0,0,1,0,.241,.318,.408,.726,8,14,R,O.Despaigne (43),2018
128,Aug 24,,SEA,"L,3-6",36,33,3,6,2,0,0,1,2,0,11,0,0,1,2,1,0,0,.240,.317,.407,.724,6,14,R,E.Ramirez (57),2018
129,Aug 25,,SEA,"L,3-4",43,38,3,10,0,0,1,3,3,0,10,1,1,0,0,0,0,0,.241,.317,.406,.723,10,18,L,W.LeBlanc (64),2018
130,Aug 26,,SEA,"W,5-2",31,30,5,8,1,0,1,5,0,0,6,0,0,1,0,1,0,0,.241,.317,.406,.723,2,15,R,M.Leake (44),2018
131,Aug 27,@,SFG,"L,0-2",34,32,0,5,0,1,0,0,2,0,7,0,0,0,0,0,0,0,.240,.316,.405,.721,7,12,R,C.Stratton (78),2018
132,Aug 28,@,SFG,"L,0-1",38,34,0,6,1,0,0,0,4,0,6,0,0,0,2,0,0,0,.240,.316,.403,.719,11,16,L,M.Bumgarner (70),2018
133,Aug 29,@,SFG,"W,3-1",37,32,3,5,2,0,1,3,4,0,8,0,1,0,1,0,0,0,.239,.315,.403,.718,7,14,R,D.Rodriguez (44),2018
134,Aug 30,@,LAD,"W,3-1",39,37,3,10,1,0,1,3,0,0,12,2,0,0,0,0,0,0,.239,.315,.403,.718,9,16,L,R.Hill (50),2018
135,Aug 31,@,LAD,"L,2-3",32,31,2,6,1,0,1,2,0,0,7,0,1,0,0,1,0,0,.239,.314,.402,.716,3,10,L,H.Ryu (66),2018
2018
136,Sep 1,@,LAD,"L,2-3",34,33,2,5,1,0,2,2,0,0,6,0,0,0,1,0,0,0,.238,.313,.402,.715,5,16,L,C.Kershaw (64),2018
137,Sep 2,@,LAD,"L,2-3",37,30,2,5,1,0,1,2,6,1,12,0,0,1,0,1,0,0,.238,.313,.401,.714,8,20,R,W.Buehler (71),2018
138,Sep 3,,SDP,"L,2-6",37,31,2,5,2,0,0,2,6,0,7,0,0,0,0,1,0,0,.237,.313,.400,.713,8,19,R,B.Mitchell (58),2018
139,Sep 4,,SDP,"W,6-0",34,29,6,9,1,1,0,4,3,0,7,0,1,1,0,2,1,0,.238,.313,.400,.713,4,13,L,J.Lucchesi (58),2018
140,Sep 6,,ATL,"L,6-7",45,41,6,13,3,0,1,6,3,0,13,0,0,1,0,1,0,0,.239,.314,.401,.714,9,25,R,A.Sanchez (54),2018
141,Sep 7,,ATL,"W,5-3",40,30,5,9,1,0,1,5,9,2,6,0,0,1,0,0,1,0,.239,.315,.401,.716,11,18,R,K.Gausman (34),2018
142,Sep 8,,ATL,"L,4-5",46,35,4,5,2,0,0,3,9,1,6,2,0,0,1,0,1,0,.238,.315,.399,.714,12,20,R,J.Teheran (64),2018
143,Sep 9,,ATL,"L,5-9",41,31,5,6,0,1,0,5,9,1,9,0,0,1,0,0,1,1,.238,.315,.398,.714,9,19,R,T.Toussaint (57),2018
144,Sep 10,@,COL,"L,2-13",34,33,2,8,0,1,0,2,1,0,12,0,0,0,0,1,0,0,.238,.315,.398,.713,5,20,R,G.Marquez (69),2018
145,Sep 11,@,COL,"W,6-3",38,35,6,10,2,1,1,6,3,1,7,0,0,0,0,2,3,0,.238,.315,.398,.714,5,14,R,A.Senzatela (44),2018
146,Sep 12,@,COL,"L,4-5",34,30,4,4,1,0,2,4,2,0,12,1,0,1,0,1,2,0,.238,.315,.398,.713,3,14,R,J.Gray (42),2018
147,Sep 13,@,COL,"L,3-10",33,32,3,7,2,1,1,3,1,0,8,0,0,0,1,3,0,0,.238,.314,.398,.713,3,20,L,K.Freeland (58),2018
148,Sep 14,@,HOU,"W,4-2",41,36,4,10,4,1,0,4,5,0,9,0,0,0,0,0,0,0,.238,.315,.399,.713,10,12,L,D.Keuchel (55),2018
149,Sep 15,@,HOU,"L,4-10",36,32,4,6,2,0,2,4,1,0,11,1,0,1,0,0,0,0,.238,.314,.399,.713,5,15,R,C.Morton (65),2018
150,Sep 16,@,HOU,"L,4-5",34,30,4,5,0,0,2,4,2,0,13,0,1,1,0,0,0,0,.237,.313,.399,.712,3,11,R,J.Verlander (77),2018
151,Sep 17,,CHC,"L,1-5",31,30,1,3,1,0,1,1,1,0,8,0,0,0,1,0,0,1,.236,.312,.398,.710,3,13,R,K.Hendricks (81),2018
152,Sep 18,,CHC,"L,1-9",33,32,1,4,1,0,1,1,1,0,12,0,0,0,2,1,0,0,.236,.311,.397,.708,5,19,L,M.Montgomery (67),2018
153,Sep 19,,CHC,"W,9-0",36,35,9,12,0,2,3,9,0,0,6,1,0,0,0,1,0,0,.236,.312,.399,.711,3,14,L,C.Hamels (30),2018
154,Sep 21,,COL,"L,2-6",34,34,2,8,3,0,1,2,0,0,12,0,0,0,0,0,0,0,.236,.311,.399,.711,5,14,R,G.Marquez (68),2018
155,Sep 22,,COL,"L,1-5",29,29,1,3,0,0,1,1,0,0,5,0,0,0,0,1,0,0,.236,.310,.398,.708,1,17,R,A.Senzatela (71),2018
156,Sep 23,,COL,"L,0-2",37,34,0,7,0,0,0,0,3,0,9,0,0,0,1,0,0,1,.235,.310,.397,.707,10,18,L,K.Freeland (68),2018
157,Sep 24,,LAD,"L,4-7",36,34,4,7,2,1,2,4,1,0,10,1,0,0,0,0,0,0,.235,.310,.398,.707,5,20,L,C.Kershaw (53),2018
158,Sep 25,,LAD,"W,4-3",35,30,4,8,2,0,1,4,4,1,6,0,1,0,1,2,1,0,.235,.310,.398,.708,7,19,R,W.Buehler (59),2018
159,Sep 26,,LAD,"W,7-2",36,32,7,10,1,1,3,7,4,0,8,0,0,0,0,2,0,0,.236,.310,.399,.710,5,14,R,R.Stripling (33),2018
160,Sep 28,@,SDP,"L,2-3",61,52,2,10,2,0,0,1,7,2,17,1,0,1,0,1,2,0,.235,.310,.398,.708,14,22,L,E.Lauer (62),2018
161,Sep 29,@,SDP,"W,5-4",39,33,5,7,2,0,1,4,6,0,4,0,0,0,0,1,1,0,.235,.310,.398,.708,7,14,R,J.Nix (33),2018
162,Sep 30,@,SDP,"L,3-4",35,33,3,6,0,0,2,3,1,0,13,0,0,1,0,1,1,1,.235,.310,.397,.707,2,18,L,J.Lucchesi (64),2018
Gtm,Date,,Opp,Rslt,PA,AB,R,H,2B,3B,HR,RBI,BB,IBB,SO,HBP,SH,SF,ROE,GDP,SB,CS,BA,OBP,SLG,OPS,LOB,#,Thr,Opp. Starter (GmeSc)
2019
1,Mar 28,@,PHI,"L,4-10",36,30,4,7,1,0,1,4,6,0,9,0,0,0,0,1,1,1,.233,.361,.367,.728,5,15,R,A.Nola (67),2019
2,Mar 30,@,PHI,"L,6-8",40,36,6,10,2,1,2,6,4,0,9,0,0,0,0,1,1,0,.258,.355,.470,.825,7,17,R,N.Pivetta (35),2019
3,Mar 31,@,PHI,"L,1-5",36,29,1,4,0,0,0,0,6,0,8,1,0,0,0,0,1,2,.221,.339,.368,.708,8,14,R,J.Arrieta (62),2019
4,Apr 1,,CHC,"W,8-0",43,36,8,12,3,0,2,6,7,1,9,0,0,0,2,1,0,0,.252,.368,.427,.795,11,15,R,K.Hendricks (26),2019
5,Apr 3,,CHC,"W,6-4",39,30,6,8,1,0,2,6,8,0,8,0,0,1,0,1,1,0,.255,.376,.441,.817,9,16,L,J.Lester (56),2019
6,Apr 4,,CHC,"W,9-4",42,34,9,13,4,0,0,8,6,1,6,0,0,1,0,1,0,1,.277,.391,.451,.843,9,12,R,Y.Darvish (38),2019
7,Apr 5,,MIA,"W,4-0",34,31,4,7,0,0,2,4,2,0,8,1,0,0,0,0,0,0,.270,.379,.447,.826,6,11,R,P.Lopez (41),2019
8,Apr 6,,MIA,"L,2-4",43,34,2,6,2,0,0,2,8,2,7,1,0,0,2,1,0,0,.258,.375,.419,.794,14,17,R,S.Alcantara (41),2019
9,Apr 7,,MIA,"W,4-3",33,29,4,7,1,0,2,4,3,0,8,0,0,0,0,1,0,0,.256,.369,.426,.795,5,14,L,C.Smith (57),2019
10,Apr 8,@,COL,"W,8-6",42,34,8,9,0,1,1,7,6,1,8,1,0,1,0,1,0,0,.257,.370,.424,.795,7,13,L,K.Freeland (24),2019
11,Apr 9,@,COL,"W,7-1",38,37,7,12,3,0,2,7,0,0,5,0,1,0,0,0,0,0,.264,.366,.439,.805,4,14,R,G.Marquez (35),2019
12,Apr 11,,NYM,"L,3-6",39,36,3,9,2,1,2,3,3,0,14,0,0,0,0,0,1,0,.263,.361,.447,.808,9,15,L,S.Matz (63),2019
13,Apr 12,,NYM,"L,2-6",37,33,2,7,2,0,0,2,3,0,10,0,0,1,0,0,0,0,.259,.355,.434,.788,8,17,R,Z.Wheeler (57),2019
14,Apr 13,,NYM,"W,11-7",42,35,11,13,2,0,2,11,7,0,7,0,0,0,0,2,0,0,.267,.364,.446,.810,7,12,L,J.Vargas (28),2019
15,Apr 14,,NYM,"W,7-3",41,33,7,10,1,1,3,7,8,0,12,0,0,0,0,1,3,0,.270,.369,.461,.830,10,15,R,J.deGrom (50),2019
16,Apr 16,,ARI,"L,6-9",39,33,6,10,4,0,2,6,5,1,8,0,1,0,0,1,0,1,.272,.371,.470,.841,6,17,L,R.Ray (38),2019
17,Apr 17,,ARI,"L,2-3",41,36,2,7,2,0,0,2,4,0,10,0,0,0,0,1,0,0,.267,.365,.456,.821,9,15,R,Z.Godley (56),2019
18,Apr 18,,ARI,"L,1-4",37,34,1,7,0,0,1,1,1,0,16,2,0,0,0,0,0,0,.263,.360,.447,.807,9,16,R,L.Weaver (67),2019
19,Apr 20 (1),@,CLE,"L,4-8",36,32,4,6,1,0,2,4,2,0,9,1,0,1,0,0,0,0,.259,.355,.445,.799,5,11,R,C.Kluber (57),2019
20,Apr 20 (2),@,CLE,"W,8-7",42,35,8,9,2,1,1,8,7,0,13,0,0,0,0,0,0,1,.259,.356,.445,.801,7,9,R,T.Bauer (67),2019
21,Apr 21,@,CLE,"W,11-5",48,44,11,17,5,0,2,11,3,0,7,1,0,0,1,0,0,0,.267,.361,.457,.818,10,11,R,S.Bieber (23),2019
22,Apr 23,@,CIN,"L,6-7",39,36,6,10,4,1,0,6,1,0,14,0,0,2,1,0,2,0,.268,.357,.456,.814,6,15,R,S.Gray (49),2019
23,Apr 24,@,CIN,"W,3-1",42,33,3,8,1,0,1,2,7,1,4,1,1,0,0,1,0,0,.267,.359,.453,.811,12,14,R,T.Roark (50),2019
24,Apr 25,@,CIN,"L,2-4",37,36,2,11,1,0,1,2,1,0,7,0,0,0,0,1,0,0,.268,.357,.451,.808,8,12,R,L.Castillo (58),2019
25,Apr 26,,COL,"L,4-8",39,35,4,10,2,0,2,4,3,0,7,1,0,0,0,1,0,0,.269,.358,.454,.811,8,16,R,A.Senzatela (44),2019
26,Apr 27,,COL,"L,5-9",38,34,5,9,3,0,2,5,4,0,6,0,0,0,0,1,1,0,.269,.357,.456,.813,6,13,R,J.Gray (29),2019
27,Apr 28,,COL,"W,8-7",41,34,8,10,2,1,4,8,6,0,10,0,0,1,1,0,0,0,.270,.358,.468,.826,9,17,L,T.Anderson (41),2019
28,Apr 29,,SDP,"W,3-1",36,32,3,6,0,0,1,2,4,0,3,0,0,0,1,0,0,0,.267,.356,.462,.817,9,15,L,N.Margevicius (53),2019
29,Apr 30,,SDP,"L,3-4",36,34,3,8,1,0,0,3,1,0,9,1,0,0,0,0,0,1,.266,.353,.455,.808,6,14,R,C.Paddack (60),2019
2019
30,May 1,,SDP,"W,5-1",34,31,5,8,4,1,1,5,2,0,4,0,0,1,0,1,0,0,.266,.351,.458,.809,5,14,R,C.Quantrill (51),2019
31,May 2,,SDP,"L,2-11",37,36,2,10,0,0,0,2,1,0,7,0,0,0,0,0,0,0,.266,.350,.452,.801,8,16,L,M.Strahm (54),2019
32,May 3,@,MIA,"W,7-2",40,34,7,10,1,0,2,7,4,1,7,0,1,1,0,1,0,0,.267,.350,.453,.803,6,15,R,J.Urena (41),2019
33,May 4,@,MIA,"W,9-2",47,41,9,12,2,0,1,9,6,1,6,0,0,0,2,0,0,0,.268,.351,.452,.803,11,13,R,T.Richards (59),2019
34,May 5,@,MIA,"W,3-1",39,34,3,6,2,0,1,3,4,0,9,0,0,1,0,1,0,0,.265,.348,.448,.796,6,16,R,P.Lopez (71),2019
35,May 6,@,LAD,"L,3-5",32,32,3,5,0,0,2,3,0,0,10,0,0,0,0,0,2,0,.262,.344,.445,.789,2,14,R,W.Buehler (63),2019
36,May 7,@,LAD,"L,0-9",30,30,0,4,1,0,0,0,0,0,6,0,0,0,0,1,0,0,.259,.339,.438,.778,3,15,L,H.Ryu (85),2019
37,May 8,@,LAD,"L,4-9",38,37,4,11,2,0,1,4,1,0,7,0,0,0,0,1,1,0,.260,.339,.438,.777,7,13,L,C.Kershaw (43),2019
38,May 9,@,ARI,"L,2-3",37,33,2,5,2,0,1,2,2,0,9,2,0,0,0,1,0,0,.258,.336,.435,.771,5,16,R,L.Weaver (71),2019
39,May 10,@,ARI,"W,2-1",33,32,2,7,1,1,1,2,1,0,8,0,0,0,0,0,0,1,.257,.334,.434,.768,4,13,R,Z.Greinke (70),2019
40,May 11,@,ARI,"W,6-4",39,38,6,13,1,1,2,6,1,0,6,0,0,0,0,1,0,1,.259,.335,.438,.773,6,14,R,M.Kelly (54),2019
41,May 12,@,ARI,"W,5-3",39,37,5,12,0,2,0,5,1,0,7,1,0,0,0,1,0,0,.261,.335,.438,.773,7,15,R,Z.Godley (46),2019
42,May 14,,STL,"L,3-14",35,27,3,3,0,0,0,3,6,0,11,0,1,1,0,1,0,0,.258,.334,.432,.766,5,15,R,J.Flaherty (55),2019
43,May 15,,STL,"W,4-0",34,30,4,6,1,0,2,3,4,0,10,0,0,0,0,0,2,0,.257,.333,.432,.765,6,13,R,M.Wacha (53),2019
44,May 16,,STL,"W,10-2",42,34,10,14,2,0,1,10,6,2,4,0,1,1,0,1,0,0,.260,.337,.435,.772,8,14,R,A.Wainwright (29),2019
45,May 17,,MIL,"W,12-8",47,39,12,17,3,0,4,12,5,0,7,1,1,1,1,1,0,0,.265,.341,.444,.786,11,16,R,J.Chacin (41),2019
46,May 18,,MIL,"W,4-3",39,33,4,8,2,0,2,4,5,0,8,0,0,1,1,0,0,0,.264,.341,.445,.786,8,16,R,C.Anderson (55),2019
47,May 19,,MIL,"L,2-3",34,34,2,5,0,0,2,2,0,0,9,0,0,0,0,1,0,0,.262,.337,.443,.780,2,15,R,B.Woodruff (70),2019
48,May 20,@,SFG,"W,4-1",38,32,4,6,1,0,3,4,6,0,7,0,0,0,1,0,0,1,.260,.337,.444,.781,7,12,L,A.Suarez (53),2019
49,May 21,@,SFG,"L,3-4",39,35,3,11,1,0,0,3,3,0,5,0,0,1,0,1,1,1,.261,.337,.442,.779,9,16,R,S.Anderson (46),2019
50,May 22,@,SFG,"W,9-2",41,36,9,7,0,0,3,8,4,0,10,1,0,0,1,0,0,0,.260,.336,.442,.778,5,13,R,J.Samardzija (57),2019
51,May 23,@,SFG,"W,5-4",52,49,5,11,0,0,2,5,3,0,16,0,0,0,0,1,1,0,.259,.335,.439,.774,8,17,L,M.Bumgarner (56),2019
52,May 24,@,STL,"W,5-2",37,37,5,12,1,0,3,4,0,0,11,0,0,0,0,2,0,0,.260,.334,.442,.777,5,14,R,M.Mikolas (60),2019
53,May 25,@,STL,"L,3-6",35,31,3,7,4,0,0,3,4,1,2,0,0,0,0,2,0,0,.260,.334,.441,.775,5,12,R,D.Hudson (55),2019
54,May 26,@,STL,"W,4-3",44,37,4,9,1,0,0,4,6,1,13,1,0,0,0,1,0,0,.259,.335,.437,.772,10,15,R,J.Flaherty (73),2019
55,May 28,,WSN,"L,4-5",39,34,4,8,1,0,1,4,3,1,16,1,0,1,0,0,1,0,.259,.334,.436,.770,8,16,R,S.Strasburg (68),2019
56,May 29,,WSN,"L,4-14",34,33,4,6,0,0,1,4,1,0,13,0,0,0,0,0,0,0,.258,.332,.433,.765,3,19,R,A.Sanchez (76),2019
57,May 31,,DET,"L,2-8",33,31,2,7,0,0,0,2,1,0,4,0,0,1,0,2,2,0,.257,.331,.430,.761,4,15,R,S.Turnbull (57),2019
2019
58,Jun 1,,DET,"W,10-5",38,36,10,11,2,1,3,10,1,0,8,0,1,0,2,0,0,0,.258,.331,.434,.765,4,14,L,D.Norris (37),2019
59,Jun 2,,DET,"W,7-4",35,32,7,7,4,1,1,6,2,0,13,0,0,1,1,0,0,0,.257,.330,.435,.765,4,18,L,M.Boyd (54),2019
60,Jun 4,@,PIT,"W,12-5",49,41,12,13,4,0,3,11,7,0,5,1,0,0,2,1,2,0,.259,.332,.439,.771,10,17,L,S.Brault (46),2019
61,Jun 5,@,PIT,"L,4-7",34,32,4,6,3,0,2,4,2,0,8,0,0,0,0,1,0,0,.258,.330,.440,.770,3,13,R,J.Musgrove (65),2019
62,Jun 6,@,PIT,"L,1-6",38,33,1,7,1,0,1,1,4,0,8,0,1,0,1,1,1,0,.257,.330,.438,.768,10,15,R,C.Archer (60),2019
63,Jun 7,@,MIA,"W,7-1",44,39,7,14,2,0,2,7,4,0,8,0,1,0,0,1,0,0,.259,.331,.440,.772,10,10,R,J.Urena (14),2019
64,Jun 8,@,MIA,"W,1-0",33,27,1,3,1,0,0,1,3,0,6,2,0,1,0,2,0,0,.257,.330,.437,.767,5,14,R,T.Richards (71),2019
65,Jun 9,@,MIA,"W,7-6",55,46,7,10,5,1,1,6,9,1,13,0,0,0,0,0,0,0,.256,.331,.437,.767,12,20,R,P.Lopez (66),2019
66,Jun 10,,PIT,"W,13-7",43,37,13,13,2,0,5,13,4,0,10,2,0,0,0,0,0,1,.258,.332,.443,.775,6,16,R,J.Musgrove (51),2019
67,Jun 11,,PIT,"W,7-5",36,33,7,10,1,0,5,7,3,0,11,0,0,0,0,0,1,1,.258,.333,.448,.780,5,15,R,C.Archer (34),2019
68,Jun 12,,PIT,"W,8-7",52,43,8,15,4,1,1,8,7,1,8,2,0,0,1,1,1,1,.260,.335,.450,.785,14,17,R,M.Keller (15),2019
69,Jun 13,,PIT,"W,6-5",39,34,6,10,2,1,0,6,3,0,6,2,0,0,0,0,0,0,.260,.336,.449,.785,9,15,R,J.Musgrove (21),2019
70,Jun 14,,PHI,"W,9-8",43,38,9,14,2,1,3,9,4,0,9,0,1,0,0,0,0,1,.262,.337,.453,.791,8,14,R,N.Pivetta (46),2019
71,Jun 15,,PHI,"L,5-6",39,35,5,8,2,0,2,5,3,1,9,1,0,0,0,0,0,0,.262,.337,.453,.790,7,16,R,A.Nola (33),2019
72,Jun 16,,PHI,"W,15-1",46,40,15,19,5,0,3,14,2,1,10,2,1,1,0,1,0,0,.265,.340,.459,.799,7,13,R,V.Velasquez (37),2019
73,Jun 17,,NYM,"W,12-3",47,40,12,16,0,0,3,11,7,0,5,0,0,0,1,1,0,0,.267,.342,.462,.804,11,15,R,Z.Wheeler (36),2019
74,Jun 18,,NYM,"L,2-10",33,32,2,5,1,0,2,2,0,0,12,1,0,0,0,0,0,0,.266,.340,.461,.801,4,15,R,J.deGrom (75),2019
75,Jun 19,,NYM,"W,7-2",37,32,7,9,3,0,2,7,5,0,5,0,0,0,0,1,0,0,.266,.341,.462,.803,6,14,L,S.Matz (33),2019
76,Jun 21,@,WSN,"L,3-4",38,34,3,8,2,0,1,3,4,0,7,0,0,0,0,1,0,0,.266,.341,.461,.802,8,14,R,S.Strasburg (52),2019
77,Jun 22,@,WSN,"W,13-9",47,41,13,14,4,0,2,13,6,0,9,0,0,0,0,0,1,0,.267,.342,.463,.805,7,19,R,A.Sanchez (49),2019
78,Jun 23,@,WSN,"W,4-3",39,36,4,7,1,0,3,4,2,0,9,1,0,0,0,1,0,0,.266,.341,.463,.804,5,17,R,A.Voth (63),2019
79,Jun 24,@,CHC,"L,3-8",35,35,3,8,1,0,1,3,0,0,11,0,0,0,0,1,1,0,.265,.340,.461,.801,5,12,L,J.Lester (65),2019
80,Jun 25,@,CHC,"W,3-2",35,30,3,3,0,0,2,3,5,0,10,0,0,0,0,0,0,0,.263,.338,.460,.798,5,14,R,A.Alzolay (58),2019
81,Jun 26,@,CHC,"W,5-3",35,33,5,7,2,0,2,4,2,0,10,0,0,0,1,2,1,0,.263,.337,.460,.797,3,15,R,Y.Darvish (43),2019
82,Jun 27,@,CHC,"L,7-9",39,33,7,8,2,0,2,7,5,0,10,1,0,0,0,2,1,0,.263,.338,.460,.798,5,14,R,T.Chatwood (32),2019
83,Jun 28,@,NYM,"W,6-2",39,35,6,9,2,0,1,6,2,1,11,1,0,1,0,0,2,0,.263,.337,.459,.797,6,15,R,J.deGrom (53),2019
84,Jun 29,@,NYM,"W,5-4",41,38,5,13,3,0,2,5,1,0,9,2,0,0,0,1,0,0,.264,.338,.461,.799,9,18,L,S.Matz (45),2019
85,Jun 30,@,NYM,"L,5-8",39,36,5,10,3,0,1,5,3,0,10,0,0,0,0,0,3,1,.264,.338,.461,.799,7,15,R,N.Syndergaard (45),2019
2019
86,Jul 2,,PHI,"L,0-2",33,30,0,4,1,0,0,0,3,0,11,0,0,0,0,1,0,0,.262,.337,.458,.794,6,13,R,A.Nola (79),2019
87,Jul 3,,PHI,"W,9-2",36,35,9,10,3,0,3,9,1,0,6,0,0,0,0,0,0,0,.263,.336,.460,.796,3,13,R,N.Pivetta (40),2019
88,Jul 4,,PHI,"W,12-6",40,34,12,12,5,0,5,11,5,1,10,0,1,0,0,1,0,0,.264,.338,.465,.802,4,16,R,Z.Eflin (20),2019
89,Jul 5,,MIA,"W,1-0",34,29,1,5,1,0,0,1,5,3,10,0,0,0,0,1,0,0,.263,.337,.463,.800,8,14,R,J.Yamamoto (72),2019
90,Jul 6,,MIA,"L,4-5",35,34,4,9,4,0,2,4,1,0,9,0,0,0,0,1,0,0,.263,.337,.464,.800,4,13,L,C.Smith (53),2019
91,Jul 7,,MIA,"W,4-3",38,32,4,9,1,0,1,4,6,1,10,0,0,0,0,1,1,0,.263,.337,.463,.800,10,13,R,T.Richards (39),2019
92,Jul 12,@,SDP,"W,5-3",35,32,5,8,1,0,3,5,3,0,9,0,0,0,0,3,0,0,.263,.337,.464,.801,3,13,R,D.Lamet (46),2019
93,Jul 13,@,SDP,"W,7-5",46,40,7,11,1,0,2,7,5,0,10,0,0,1,0,0,1,0,.263,.337,.464,.801,9,16,L,J.Lucchesi (55),2019
94,Jul 14,@,SDP,"W,4-1",38,35,4,7,0,0,1,4,2,0,8,1,0,0,2,1,2,0,.262,.336,.462,.798,7,15,R,C.Quantrill (68),2019
95,Jul 15,@,MIL,"W,4-2",38,35,4,9,1,0,1,4,3,0,7,0,0,0,0,0,0,0,.262,.336,.461,.797,7,15,R,A.Houser (42),2019
96,Jul 16,@,MIL,"L,1-13",34,32,1,5,0,0,1,1,2,0,9,0,0,0,0,0,2,0,.261,.335,.459,.794,6,15,R,B.Woodruff (65),2019
97,Jul 17,@,MIL,"L,4-5",41,34,4,6,2,0,1,4,7,0,8,0,0,0,0,0,1,0,.261,.335,.458,.792,10,14,R,C.Anderson (67),2019
98,Jul 18,,WSN,"L,4-13",38,36,4,10,2,1,1,4,2,0,14,0,0,0,0,0,1,0,.261,.335,.458,.792,7,17,R,S.Strasburg (45),2019
99,Jul 19,,WSN,"W,4-3",40,34,4,12,4,0,0,4,6,1,8,0,0,0,0,0,1,2,.262,.336,.458,.794,12,16,L,P.Corbin (46),2019
100,Jul 20,,WSN,"L,3-5",40,35,3,8,0,0,1,3,4,0,9,1,0,0,1,0,5,0,.261,.336,.456,.792,10,17,R,A.Sanchez (44),2019
101,Jul 21,,WSN,"W,7-1",39,33,7,11,1,0,2,7,6,0,11,0,0,0,0,1,1,0,.262,.337,.457,.794,8,12,R,J.Ross (44),2019
102,Jul 23,,KCR,"L,4-5",43,38,4,11,3,0,0,4,2,0,14,3,0,0,0,0,1,0,.262,.337,.456,.793,12,16,L,D.Duffy (68),2019
103,Jul 24,,KCR,"L,0-2",32,31,0,5,0,0,0,0,1,0,8,0,0,0,0,1,0,0,.261,.336,.454,.790,5,13,R,B.Keller (71),2019
104,Jul 26,@,PHI,"W,9-2",40,31,9,7,1,0,1,8,6,0,6,1,1,1,1,1,1,1,.261,.336,.453,.789,4,15,R,J.Arrieta (40),2019
105,Jul 27,@,PHI,"W,15-7",50,43,15,16,3,0,4,15,7,0,15,0,0,0,1,0,0,0,.262,.338,.456,.794,8,13,R,Z.Eflin (9),2019
Gtm,Date,,Opp,Rslt,PA,AB,R,H,2B,3B,HR,RBI,BB,IBB,SO,HBP,SH,SF,ROE,GDP,SB,CS,BA,OBP,SLG,OPS,LOB,#,Thr,Opp. Starter (GmeSc)
2018
1,Mar 29,,PHI,"W,8-5",40,34,8,9,1,0,3,7,4,1,6,1,1,0,0,0,0,0,.265,.359,.559,.918,6,19,R,A.Nola (60),2018
2,Mar 30,,PHI,"L,4-5",46,37,4,9,2,0,0,4,5,0,9,2,1,1,0,1,0,1,.254,.357,.423,.780,9,19,R,N.Pivetta (41),2018
3,Mar 31,,PHI,"W,15-2",51,43,15,19,5,1,1,14,5,1,5,0,2,1,3,0,0,0,.325,.406,.518,.924,12,14,R,V.Velasquez (20),2018
4,Apr 2,,WSN,"L,1-8",31,30,1,4,0,0,0,1,1,0,9,0,0,0,1,1,1,0,.285,.360,.438,.797,3,15,R,T.Roark (70),2018
5,Apr 3,,WSN,"W,13-6",44,36,13,15,4,0,2,13,5,0,9,1,2,0,0,1,1,0,.311,.388,.489,.877,7,15,R,A.Cole (2),2018
6,Apr 4,,WSN,"W,7-1",36,32,7,7,4,0,1,6,4,0,11,0,0,0,1,0,0,0,.297,.376,.481,.857,5,16,R,M.Scherzer (46),2018
7,Apr 6,@,COL,"W,8-3",44,36,8,11,3,1,1,8,7,2,2,0,0,1,0,1,1,0,.298,.381,.488,.869,9,14,R,G.Marquez (18),2018
8,Apr 7,@,COL,"L,2-3",40,34,2,8,2,0,0,2,4,0,5,1,1,0,0,3,2,0,.291,.375,.465,.840,8,16,R,C.Bettis (58),2018
9,Apr 8,@,COL,"W,4-0",36,34,4,8,2,0,3,4,2,0,9,0,0,0,0,1,1,0,.285,.366,.475,.840,5,13,L,K.Freeland (49),2018
10,Apr 9,@,WSN,"L,0-2",28,28,0,2,0,0,0,0,0,0,10,0,0,0,0,1,0,0,.267,.344,.442,.786,1,12,R,M.Scherzer (93),2018
11,Apr 10,@,WSN,"L,1-4",34,31,1,5,3,0,0,1,3,0,9,0,0,0,0,0,0,1,.259,.336,.427,.762,6,15,R,S.Strasburg (82),2018
12,Apr 11,@,WSN,"W,5-3",54,46,5,11,3,0,3,5,7,2,16,1,0,0,1,1,3,1,.257,.338,.435,.772,13,19,R,A.Cole (57),2018
13,Apr 13,@,CHC,"W,4-0",44,39,4,12,4,0,1,3,5,0,7,0,0,0,1,0,0,1,.261,.342,.439,.781,13,14,R,Y.Darvish (30),2018
14,Apr 14,@,CHC,"L,10-14",49,40,10,15,4,0,1,10,8,0,6,0,1,0,2,2,0,0,.270,.353,.448,.801,12,15,L,J.Quintana (12),2018
15,Apr 16,,PHI,"W,2-1",28,25,2,4,0,0,0,1,1,0,3,0,1,1,0,1,1,0,.265,.346,.434,.780,2,14,R,A.Nola (57),2018
16,Apr 17,,PHI,"L,1-5",43,38,1,8,0,0,0,1,4,1,6,1,0,0,1,1,0,0,.261,.343,.419,.762,12,18,R,N.Pivetta (55),2018
17,Apr 18,,PHI,"W,7-3",36,33,7,11,0,0,2,6,2,1,10,1,0,0,0,0,0,0,.265,.345,.424,.770,5,16,R,V.Velasquez (52),2018
18,Apr 19,,NYM,"W,12-4",42,34,12,13,6,0,1,12,5,0,5,0,1,2,0,0,0,0,.271,.351,.437,.787,6,15,R,M.Harvey (35),2018
19,Apr 20,,NYM,"L,3-5",45,41,3,8,2,0,1,3,3,0,12,0,0,1,0,0,2,2,.267,.344,.429,.773,6,17,R,N.Syndergaard (52),2018
20,Apr 21,,NYM,"W,4-3",37,32,4,8,2,1,0,4,5,0,14,0,0,0,0,0,2,1,.266,.345,.427,.771,8,15,R,J.deGrom (77),2018
21,Apr 23,@,CIN,"L,4-10",35,34,4,7,1,0,1,3,1,0,7,0,0,0,0,0,0,0,.263,.340,.422,.762,4,14,R,S.Romano (62),2018
22,Apr 24,@,CIN,"L,7-9",51,46,7,11,2,0,3,7,4,0,15,1,0,0,0,1,0,0,.262,.338,.425,.764,8,19,R,T.Mahle (63),2018
23,Apr 25,@,CIN,"W,5-4",43,40,5,13,2,0,1,4,2,1,8,1,0,0,0,0,2,0,.265,.340,.426,.766,11,14,L,B.Finnegan (46),2018
24,Apr 26,@,CIN,"W,7-4",40,37,7,13,5,0,2,7,2,2,4,0,1,0,0,0,0,1,.269,.342,.436,.778,6,14,R,H.Bailey (37),2018
25,Apr 27,@,PHI,"L,3-7",37,36,3,9,3,0,0,2,1,0,8,0,0,0,1,1,3,0,.268,.339,.432,.771,7,14,R,A.Nola (54),2018
26,Apr 28,@,PHI,"W,4-1",40,34,4,9,0,1,1,4,5,0,7,0,0,1,0,1,2,0,.268,.339,.431,.771,9,14,R,N.Pivetta (42),2018
27,Apr 29,@,PHI,"W,10-1",46,39,10,11,6,1,2,10,6,0,10,1,0,0,1,0,3,0,.268,.342,.440,.781,9,13,R,V.Velasquez (26),2018
2018
28,May 1,@,NYM,"W,3-2",42,40,3,15,2,0,0,3,1,0,5,1,0,0,0,0,0,0,.273,.344,.439,.783,12,14,R,N.Syndergaard (42),2018
29,May 2,@,NYM,"W,7-0",38,38,7,11,3,0,3,7,0,0,10,0,0,0,0,0,0,0,.273,.342,.445,.787,4,13,R,J.deGrom (64),2018
30,May 3,@,NYM,"W,11-0",46,39,11,15,2,0,4,11,5,0,5,0,1,1,0,0,0,1,.277,.346,.456,.802,8,12,L,J.Vargas (19),2018
31,May 4,,SFG,"L,4-9",36,32,4,8,1,0,2,4,3,0,8,0,0,1,0,2,0,0,.276,.345,.456,.801,5,14,R,C.Stratton (52),2018
32,May 5,,SFG,"L,2-11",36,34,2,7,2,0,0,2,2,0,2,0,0,0,2,1,0,0,.274,.342,.451,.793,7,15,L,T.Blach (61),2018
33,May 6,,SFG,"L,3-4",37,35,3,9,1,0,0,3,2,0,7,0,0,0,2,3,0,0,.274,.341,.446,.787,7,17,L,A.Suarez (57),2018
34,May 8,@,TBR,"W,1-0",36,32,1,4,0,1,1,1,4,0,9,0,0,0,0,0,1,0,.270,.338,.441,.779,8,9,L,B.Snell (64),2018
35,May 9,@,TBR,"W,5-2",34,32,5,6,0,0,1,5,0,0,11,1,0,1,0,0,2,0,.268,.335,.437,.772,2,9,L,R.Yarbrough (42),2018
36,May 10,@,MIA,"W,9-2",47,42,9,16,2,0,2,9,5,2,6,0,0,0,0,0,1,1,.271,.338,.442,.780,11,13,L,C.Smith (49),2018
37,May 11,@,MIA,"L,3-6",37,33,3,5,1,0,1,3,3,0,8,1,0,0,1,0,1,0,.268,.336,.437,.773,7,13,R,D.Straily (53),2018
38,May 12,@,MIA,"W,10-5",43,37,10,12,0,1,4,9,6,0,7,0,0,0,0,1,1,0,.270,.338,.445,.783,6,17,L,J.Garcia (42),2018
39,May 13,@,MIA,"W,4-3",37,34,4,8,1,0,1,4,3,0,8,0,0,0,0,0,1,1,.269,.337,.442,.780,6,15,R,J.Urena (55),2018
40,May 14,@,CHC,"W,6-5",45,36,6,9,1,0,3,6,8,0,9,0,1,0,1,0,1,1,.269,.339,.445,.783,12,14,L,J.Quintana (25),2018
41,May 15,,CHC,"L,2-3",33,30,2,5,0,0,2,2,3,0,7,0,0,0,1,0,3,0,.267,.337,.443,.780,4,14,R,Y.Darvish (55),2018
42,May 16,,CHC,"W,4-1",35,28,4,7,2,1,0,4,7,1,5,0,0,0,0,3,0,0,.266,.338,.442,.780,7,13,R,T.Chatwood (56),2018
43,May 18,,MIA,"L,0-2",32,29,0,4,1,0,0,0,3,1,6,0,0,0,0,1,0,0,.264,.336,.437,.773,5,13,R,D.Straily (74),2018
44,May 19,,MIA,"W,8-1",33,28,8,9,1,0,2,8,3,0,2,0,2,0,0,2,0,1,.265,.337,.439,.776,1,13,R,J.Urena (47),2018
45,May 20,,MIA,"W,10-9",44,37,10,12,0,0,0,9,6,0,7,0,0,1,0,0,1,0,.266,.338,.437,.775,8,16,L,W.Chen (54),2018
46,May 21,@,PHI,"L,0-3",33,32,0,5,0,0,0,0,1,0,9,0,0,0,1,0,1,1,.264,.336,.431,.767,6,12,R,N.Pivetta (75),2018
47,May 22,@,PHI,"W,3-1",39,36,3,10,1,0,1,2,3,0,14,0,0,0,0,1,0,0,.264,.335,.430,.766,9,14,R,V.Velasquez (51),2018
48,May 23,@,PHI,"L,0-4",35,33,0,8,2,0,0,0,2,0,9,0,0,0,0,1,0,1,.264,.335,.428,.762,8,15,R,J.Arrieta (66),2018
49,May 25,@,BOS,"L,2-6",38,34,2,7,2,0,0,2,4,0,12,0,0,0,0,0,0,0,.263,.334,.424,.758,9,9,L,E.Rodriguez (53),2018
50,May 26,@,BOS,"L,6-8",41,36,6,11,3,0,2,6,4,0,5,0,0,1,0,1,0,0,.264,.334,.427,.761,8,9,L,D.Pomeranz (28),2018
51,May 27,@,BOS,"W,7-1",42,36,7,9,3,0,1,6,6,0,10,0,0,0,0,0,0,0,.263,.335,.427,.762,8,10,L,C.Sale (34),2018
52,May 28 (1),,NYM,"W,4-3",36,31,4,8,0,0,2,4,4,0,10,0,0,1,0,1,0,0,.263,.335,.427,.762,7,15,R,J.deGrom (68),2018
53,May 28 (2),,NYM,"L,5-8",42,38,5,13,4,0,1,5,2,1,10,1,0,1,0,0,0,0,.265,.336,.429,.765,10,15,L,P.Conlon (25),2018
54,May 29,,NYM,"W,7-6",42,36,7,11,3,1,1,6,5,2,5,1,0,0,0,0,0,0,.266,.337,.431,.768,10,13,L,S.Matz (57),2018
55,May 30,,NYM,"L,1-4",34,32,1,5,1,0,1,1,2,1,2,0,0,0,1,1,0,0,.264,.335,.429,.764,6,14,L,J.Vargas (64),2018
56,May 31,,WSN,"W,4-2",35,28,4,7,4,0,0,3,6,2,5,1,0,0,0,2,0,1,.264,.336,.428,.764,7,13,R,T.Roark (42),2018
2018
57,Jun 1,,WSN,"W,4-0",33,32,4,9,0,0,1,4,1,0,10,0,0,0,1,2,0,0,.264,.336,.427,.763,5,10,R,S.Strasburg (56),2018
58,Jun 2,,WSN,"L,3-5",47,47,3,5,1,0,1,3,0,0,16,0,0,0,0,0,0,0,.260,.331,.422,.753,2,19,L,G.Gonzalez (64),2018
59,Jun 3,,WSN,"W,4-2",36,31,4,7,3,0,2,4,4,1,3,1,0,0,1,0,0,1,.260,.331,.423,.754,7,13,R,J.Hellickson (49),2018
60,Jun 4,@,SDP,"L,4-11",39,36,4,9,4,0,0,4,2,0,7,1,0,0,0,0,0,0,.260,.330,.422,.753,8,15,L,C.Richard (56),2018
61,Jun 5,@,SDP,"W,14-1",51,44,14,18,6,0,3,14,5,0,3,1,1,0,1,1,1,0,.263,.334,.429,.763,10,12,R,J.Lyles (8),2018
62,Jun 6,@,SDP,"L,1-3",34,30,1,4,1,0,1,1,2,0,13,1,1,0,0,0,0,0,.261,.332,.427,.759,6,13,L,M.Strahm (51),2018
63,Jun 8,@,LAD,"L,3-7",33,32,3,6,3,0,1,3,1,0,6,0,0,0,0,1,0,0,.260,.330,.426,.756,3,15,R,W.Buehler (64),2018
64,Jun 9,@,LAD,"W,5-3",40,40,5,14,4,1,0,5,0,0,10,0,0,0,1,1,2,0,.261,.331,.427,.758,8,14,L,A.Wood (40),2018
65,Jun 10,@,LAD,"L,2-7",34,34,2,7,0,0,2,2,0,0,7,0,0,0,0,0,0,0,.261,.329,.427,.756,5,13,R,R.Stripling (64),2018
66,Jun 12,,NYM,"W,8-2",37,32,8,10,2,0,2,8,5,0,4,0,0,0,0,1,2,0,.261,.330,.429,.759,5,16,R,Z.Wheeler (27),2018
67,Jun 13,,NYM,"W,2-0",31,31,2,8,3,0,1,2,0,0,8,0,0,0,0,0,0,1,.261,.329,.429,.758,5,14,R,J.deGrom (66),2018
68,Jun 14,,SDP,"W,4-2",33,28,4,5,2,0,1,3,2,1,6,2,1,0,1,0,0,1,.260,.329,.428,.757,5,13,R,T.Ross (57),2018
69,Jun 15,,SDP,"L,3-9",37,34,3,6,0,1,1,3,3,0,11,0,0,0,1,0,0,0,.259,.327,.426,.754,7,15,L,C.Richard (54),2018
70,Jun 16,,SDP,"W,1-0",29,29,1,5,0,0,1,1,0,0,7,0,0,0,0,0,0,0,.258,.326,.425,.751,4,13,R,J.Lyles (69),2018
71,Jun 17,,SDP,"W,4-1",33,32,4,7,3,0,1,4,1,0,11,0,0,0,1,1,0,0,.258,.325,.424,.749,5,14,L,M.Strahm (61),2018
72,Jun 19,@,TOR,"W,11-4",48,42,11,14,7,1,2,11,6,1,7,0,0,0,1,0,0,0,.259,.326,.429,.755,10,9,L,J.Garcia (28),2018
73,Jun 20,@,TOR,"L,4-5",35,35,4,8,1,0,2,4,0,0,9,0,0,0,0,0,0,0,.258,.325,.429,.754,4,10,L,J.Happ (63),2018
74,Jun 22,,BAL,"L,7-10",65,56,7,14,5,1,0,7,6,2,11,2,1,0,0,0,0,1,.258,.326,.428,.753,13,21,R,A.Cobb (69),2018
75,Jun 23,,BAL,"L,5-7",44,37,5,12,2,0,0,4,6,0,11,0,1,0,0,1,1,0,.259,.327,.427,.754,12,15,R,D.Bundy (57),2018
76,Jun 24,,BAL,"W,7-3",37,34,7,11,4,0,1,7,2,0,8,1,0,0,0,1,1,0,.260,.328,.428,.756,6,15,R,D.Hess (30),2018
77,Jun 25,,CIN,"W,5-4",47,38,5,10,3,0,1,4,7,1,6,0,1,1,1,1,0,0,.260,.328,.428,.756,12,18,R,T.Mahle (46),2018
78,Jun 26,,CIN,"L,3-5",38,34,3,10,2,0,0,3,3,0,4,1,0,0,0,2,1,0,.260,.329,.427,.756,8,15,R,M.Harvey (59),2018
79,Jun 27,,CIN,"L,5-6",37,34,5,7,0,0,0,4,2,1,10,1,0,0,1,1,2,0,.260,.328,.425,.753,5,15,R,L.Castillo (35),2018
80,Jun 29,@,STL,"W,5-1",43,35,5,10,1,0,0,5,4,0,5,2,1,1,1,1,0,0,.260,.329,.423,.752,11,17,R,M.Mikolas (55),2018
81,Jun 30,@,STL,"W,11-4",44,40,11,15,5,0,2,11,2,1,7,0,0,2,0,0,0,0,.262,.330,.426,.756,6,13,R,L.Weaver (15),2018
2018
82,Jul 1,@,STL,"W,6-5",37,33,6,6,2,0,1,6,3,1,4,0,0,1,0,0,0,0,.261,.329,.425,.754,4,16,R,J.Gant (43),2018
83,Jul 2,@,NYY,"W,5-3",44,42,5,9,3,0,2,5,1,0,10,0,1,0,1,0,0,0,.260,.327,.425,.753,6,11,R,J.Loaisiga (43),2018
84,Jul 3,@,NYY,"L,5-8",41,38,5,11,0,0,3,5,3,0,14,0,0,0,0,0,1,0,.261,.327,.427,.754,9,9,R,D.German (42),2018
85,Jul 4,@,NYY,"L,2-6",40,35,2,9,2,0,1,2,3,0,7,2,0,0,0,1,2,0,.260,.328,.426,.754,11,10,L,C.Sabathia (56),2018
86,Jul 5,@,MIL,"L,2-7",32,29,2,3,1,1,0,2,1,0,9,2,0,0,0,1,0,0,.259,.326,.424,.751,3,13,R,J.Chacin (69),2018
87,Jul 6,@,MIL,"L,4-5",36,31,4,9,2,0,0,3,5,0,9,0,0,0,0,2,0,2,.259,.327,.424,.751,5,13,R,F.Peralta (65),2018
88,Jul 7,@,MIL,"W,5-1",40,34,5,8,1,2,0,5,6,0,9,0,0,0,0,1,0,0,.259,.327,.423,.750,8,13,R,A.Wilkerson (53),2018
89,Jul 8,@,MIL,"L,3-10",40,35,3,10,3,0,0,2,5,0,9,0,0,0,1,2,0,0,.259,.328,.423,.750,10,17,R,J.Guerra (55),2018
90,Jul 10,,TOR,"L,2-6",36,34,2,8,1,0,0,2,2,0,9,0,0,0,0,1,1,0,.259,.327,.421,.748,7,14,R,M.Stroman (64),2018
91,Jul 11,,TOR,"W,9-5",43,36,9,12,4,0,2,9,4,1,10,1,1,1,1,0,0,0,.260,.328,.423,.751,10,14,R,S.Gaviglio (19),2018
92,Jul 13,,ARI,"L,1-2",35,32,1,6,1,0,0,1,2,0,12,0,1,0,0,0,0,0,.259,.327,.421,.748,7,15,R,Z.Godley (64),2018
93,Jul 14,,ARI,"L,0-3",33,31,0,5,1,0,0,0,1,0,11,0,1,0,0,0,0,0,.258,.326,.419,.745,6,15,R,Z.Greinke (78),2018
94,Jul 15,,ARI,"W,5-1",33,30,5,7,2,0,1,5,2,0,4,0,1,0,0,0,0,0,.258,.326,.419,.744,4,13,L,P.Corbin (46),2018
95,Jul 20,@,WSN,"W,8-5",43,38,8,12,5,0,2,8,4,1,6,0,0,1,0,0,4,0,.259,.326,.421,.747,8,12,R,S.Strasburg (28),2018
96,Jul 22,@,WSN,"L,2-6",39,38,2,14,2,0,0,2,1,0,9,0,0,0,0,1,2,1,.260,.327,.421,.748,10,16,R,M.Scherzer (54),2018
97,Jul 23,@,MIA,"W,12-1",48,40,12,16,6,0,2,12,4,1,6,3,1,0,0,1,0,0,.262,.329,.424,.753,9,15,R,J.Urena (32),2018
98,Jul 24,@,MIA,"L,3-9",35,30,3,6,1,0,1,3,4,0,5,0,1,0,0,1,0,0,.261,.329,.423,.752,5,13,L,W.Chen (51),2018
99,Jul 26,,LAD,"L,2-8",36,35,2,7,1,0,1,2,1,0,10,0,0,0,1,0,0,0,.260,.328,.422,.750,7,15,L,R.Hill (78),2018
100,Jul 27,,LAD,"L,1-4",33,32,1,6,1,0,0,1,0,0,10,1,0,0,0,0,0,0,.260,.327,.420,.747,5,15,L,C.Kershaw (71),2018
101,Jul 28,,LAD,"L,1-5",34,29,1,3,1,0,1,1,4,1,8,1,0,0,2,3,0,0,.258,.326,.419,.745,6,16,L,A.Wood (68),2018
102,Jul 29,,LAD,"W,4-1",34,32,4,8,3,0,1,4,2,0,9,0,0,0,0,0,1,0,.258,.326,.419,.745,6,10,R,R.Stripling (36),2018
103,Jul 30,,MIA,"W,5-3",32,28,5,6,2,0,2,5,3,1,3,0,0,1,0,0,0,0,.258,.325,.420,.745,3,14,L,W.Chen (35),2018
104,Jul 31,,MIA,"W,11-6",44,39,11,19,3,0,3,11,3,0,5,0,2,0,1,3,0,0,.261,.327,.424,.751,9,11,R,D.Straily (16),2018
2018
105,Aug 2,@,NYM,"W,4-2",36,33,4,6,2,1,0,4,3,0,11,0,0,0,0,0,3,0,.260,.327,.423,.749,5,13,L,J.Vargas (43),2018
106,Aug 3,@,NYM,"W,2-1",33,32,2,6,2,0,1,2,1,0,9,0,0,0,0,0,0,0,.259,.326,.422,.748,4,14,R,J.deGrom (70),2018
107,Aug 4,@,NYM,"L,0-3",32,31,0,5,1,0,0,0,1,0,10,0,0,0,0,1,0,0,.258,.325,.420,.745,5,13,R,Z.Wheeler (79),2018
108,Aug 5,@,NYM,"W,5-4",42,40,5,12,0,0,3,5,0,0,8,0,2,0,0,0,0,0,.259,.324,.421,.745,7,16,R,C.Oswalt (48),2018
109,Aug 7 (1),@,WSN,"L,3-8",36,34,3,7,1,0,1,3,2,0,8,0,0,0,1,1,0,0,.258,.324,.420,.744,6,17,R,J.Rodriguez (59),2018
110,Aug 7 (2),@,WSN,"W,3-1",36,34,3,7,0,1,1,3,2,1,10,0,0,0,0,0,0,0,.258,.323,.420,.743,6,14,R,M.Scherzer (70),2018
111,Aug 8,@,WSN,"W,8-3",39,37,8,12,1,0,3,8,0,0,6,0,2,0,0,0,1,0,.259,.323,.421,.744,4,14,L,T.Milone (28),2018
112,Aug 9,@,WSN,"L,3-6",36,34,3,10,2,0,2,3,1,0,4,0,0,1,0,0,0,0,.259,.323,.422,.745,6,13,L,G.Gonzalez (63),2018
113,Aug 10,,MIL,"W,10-1",45,36,10,13,6,0,0,10,8,1,7,0,0,1,0,0,1,0,.260,.324,.423,.748,11,12,R,F.Peralta (15),2018
114,Aug 11,,MIL,"L,2-4",33,31,2,7,1,0,1,2,1,0,3,0,1,0,0,2,0,0,.259,.324,.423,.747,4,15,L,W.Miley (51),2018
115,Aug 12,,MIL,"W,8-7",36,32,8,9,3,1,3,8,2,0,6,1,1,0,1,0,0,1,.260,.324,.425,.749,4,16,R,C.Anderson (38),2018
116,Aug 13 (1),,MIA,"W,9-1",39,33,9,11,5,0,1,8,4,1,7,1,0,1,1,1,1,0,.260,.325,.426,.751,6,12,R,P.Lopez (37),2018
117,Aug 13 (2),,MIA,"W,6-1",37,36,6,13,1,0,2,6,1,1,5,0,0,0,0,1,0,0,.261,.325,.427,.753,7,11,R,M.Gonzalez (39),2018
118,Aug 14,,MIA,"W,10-6",41,39,10,15,1,1,4,10,2,0,4,0,0,0,0,0,0,0,.262,.326,.431,.757,7,14,R,T.Richards (24),2018
119,Aug 15,,MIA,"W,5-2",35,31,5,8,2,0,1,5,1,0,5,2,0,1,0,0,2,0,.262,.326,.431,.757,6,14,R,J.Urena (50),2018
120,Aug 16,,COL,"L,3-5",33,31,3,6,2,0,1,3,1,0,11,1,0,0,0,2,2,0,.262,.325,.430,.755,3,13,R,J.Gray (63),2018
121,Aug 17,,COL,"L,5-11",42,34,5,9,1,0,0,5,7,0,12,0,0,1,0,1,0,0,.262,.326,.429,.755,10,13,L,K.Freeland (67),2018
122,Aug 18,,COL,"L,3-5",38,34,3,9,1,0,0,3,3,0,4,0,1,0,0,1,1,2,.262,.326,.428,.754,5,15,R,A.Senzatela (48),2018
123,Aug 19,,COL,"L,2-4",35,33,2,6,1,0,0,2,1,0,9,1,0,0,0,0,0,0,.261,.325,.426,.751,6,13,R,G.Marquez (63),2018
124,Aug 20,@,PIT,"W,1-0",37,33,1,10,4,0,0,1,2,0,5,2,0,0,0,2,0,2,.262,.326,.426,.752,9,16,R,C.Archer (50),2018
125,Aug 21,@,PIT,"W,6-1",39,35,6,8,1,0,2,5,3,0,6,1,0,0,0,0,0,0,.261,.325,.426,.752,6,12,R,I.Nova (60),2018
126,Aug 22,@,PIT,"W,2-1",35,29,2,3,0,0,1,2,5,1,8,0,0,1,0,0,1,0,.260,.325,.425,.749,6,12,R,T.Williams (66),2018
127,Aug 23,@,MIA,"W,5-0",42,37,5,12,2,0,3,5,4,0,6,1,0,0,0,2,0,0,.261,.325,.426,.752,10,12,R,E.Hernandez (41),2018
128,Aug 24,@,MIA,"L,0-1",31,29,0,3,2,0,0,0,2,0,6,0,0,0,0,1,0,0,.260,.324,.425,.749,4,14,R,D.Straily (69),2018
129,Aug 25,@,MIA,"L,1-3",38,36,1,9,1,0,1,1,2,0,13,0,0,0,1,0,0,0,.260,.324,.424,.748,10,13,L,W.Chen (68),2018
130,Aug 26,@,MIA,"W,4-0",43,34,4,9,2,0,0,2,6,2,7,1,1,1,1,1,1,0,.260,.325,.423,.748,12,16,R,P.Lopez (52),2018
131,Aug 28,,TBR,"W,9-5",39,32,9,12,2,0,2,7,4,0,5,0,2,1,1,1,0,1,.261,.325,.425,.750,6,17,R,R.Stanek (52),2018
132,Aug 29,,TBR,"L,5-8",41,37,5,11,0,0,1,5,4,0,7,0,0,0,0,0,0,0,.261,.326,.424,.750,9,15,R,D.Castillo (40),2018
133,Aug 30,,CHC,"L,4-5",37,34,4,9,1,1,0,4,1,1,9,1,0,1,0,0,0,1,.261,.325,.424,.749,6,13,L,M.Montgomery (36),2018
134,Aug 31,,PIT,"L,2-3",35,33,2,7,1,0,2,2,1,0,10,1,0,0,0,0,0,1,.260,.325,.424,.749,6,15,R,J.Taillon (65),2018
2018
135,Sep 1,,PIT,"W,5-3",33,31,5,6,3,0,1,4,1,0,10,0,0,1,1,0,1,0,.260,.324,.424,.748,4,17,R,C.Archer (68),2018
136,Sep 2,,PIT,"W,5-1",35,32,5,9,1,0,1,3,1,0,7,0,2,0,2,0,1,0,.260,.324,.424,.748,6,15,R,N.Kingham (59),2018
137,Sep 3,,BOS,"L,2-8",42,34,2,8,0,0,1,2,6,0,7,1,0,1,0,0,1,0,.260,.324,.423,.747,13,16,R,N.Eovaldi (56),2018
138,Sep 4,,BOS,"L,1-5",36,31,1,4,1,0,1,1,3,0,11,2,0,0,1,1,0,0,.259,.324,.422,.746,8,17,R,R.Porcello (63),2018
139,Sep 5,,BOS,"L,8-9",44,35,8,10,1,2,2,8,8,1,10,1,0,0,0,1,0,0,.259,.325,.423,.748,9,21,R,H.Velazquez (43),2018
140,Sep 6,@,ARI,"W,7-6",47,42,7,11,2,0,2,5,4,0,7,1,0,0,1,0,1,0,.259,.325,.423,.748,10,20,R,Z.Greinke (40),2018
141,Sep 7,@,ARI,"L,3-5",38,37,3,9,3,0,1,3,1,0,13,0,0,0,1,0,1,0,.259,.325,.423,.748,8,17,L,P.Corbin (68),2018
142,Sep 8,@,ARI,"W,5-4",44,38,5,11,1,2,1,3,5,2,8,0,0,1,1,2,3,1,.259,.325,.424,.749,9,19,R,C.Buchholz (61),2018
143,Sep 9,@,ARI,"W,9-5",41,36,9,11,1,1,4,9,5,0,7,0,0,0,0,1,1,1,.260,.325,.426,.751,5,18,L,R.Ray (62),2018
144,Sep 10,@,SFG,"W,4-1",37,31,4,7,3,1,0,4,3,0,4,1,1,1,0,1,0,0,.260,.325,.426,.751,6,16,R,D.Rodriguez (58),2018
145,Sep 11,@,SFG,"W,4-1",40,33,4,9,2,1,1,4,5,1,5,0,1,1,2,2,0,0,.260,.325,.426,.752,9,10,L,A.Suarez (48),2018
146,Sep 12,@,SFG,"W,2-1",37,33,2,8,2,0,0,2,3,0,9,0,1,0,0,0,0,0,.260,.325,.425,.751,8,16,L,D.Holland (64),2018
147,Sep 14,,WSN,"W,10-5",44,36,10,13,4,1,0,9,5,1,10,2,0,1,0,0,0,0,.260,.326,.426,.752,10,16,R,M.Scherzer (27),2018
148,Sep 15,,WSN,"L,1-7",33,28,1,2,0,0,0,1,4,0,2,0,0,1,0,0,0,0,.259,.325,.424,.750,5,18,R,J.Hellickson (53),2018
149,Sep 16,,WSN,"L,4-6",37,35,4,8,1,0,2,4,2,0,7,0,0,0,0,0,0,0,.259,.325,.424,.749,6,19,R,T.Roark (51),2018
150,Sep 17,,STL,"L,6-11",43,36,6,10,1,0,1,5,5,0,11,1,0,1,0,0,0,0,.259,.325,.424,.749,10,16,R,M.Mikolas (56),2018
151,Sep 18,,STL,"L,1-8",40,35,1,7,2,0,1,1,5,1,12,0,0,0,1,0,1,0,.259,.325,.423,.749,12,16,L,A.Gomber (53),2018
152,Sep 19,,STL,"W,7-3",36,31,7,7,2,0,2,4,5,1,10,0,0,0,0,0,2,0,.259,.325,.424,.749,5,15,R,J.Flaherty (38),2018
153,Sep 20,,PHI,"W,8-3",39,29,8,10,3,0,0,7,6,0,7,1,0,3,0,1,3,1,.259,.326,.424,.750,7,16,R,V.Velasquez (39),2018
154,Sep 21,,PHI,"W,6-5",37,33,6,9,1,0,1,6,4,1,7,0,0,0,0,0,0,0,.259,.326,.424,.750,7,15,R,N.Pivetta (58),2018
155,Sep 22,,PHI,"W,5-3",35,28,5,6,0,0,0,5,6,1,6,0,1,0,0,0,2,1,.259,.326,.423,.749,6,13,R,J.Arrieta (31),2018
156,Sep 23,,PHI,"W,2-1",29,28,2,4,2,0,1,2,1,0,9,0,0,0,1,1,0,0,.258,.326,.422,.748,3,16,R,A.Nola (61),2018
157,Sep 25,@,NYM,"W,7-3",42,38,7,10,3,0,1,6,3,0,9,1,0,0,2,1,0,0,.258,.326,.422,.748,8,16,R,N.Syndergaard (69),2018
158,Sep 26,@,NYM,"L,0-3",28,28,0,2,0,0,0,0,0,0,11,0,0,0,0,1,1,0,.257,.325,.420,.745,1,14,R,J.deGrom (88),2018
159,Sep 27,@,NYM,"L,1-4",35,32,1,6,0,0,0,1,1,0,8,1,1,0,0,0,0,0,.257,.324,.419,.743,7,15,L,J.Vargas (77),2018
160,Sep 28,@,PHI,"W,10-2",48,44,10,19,5,0,1,9,3,0,13,0,1,0,1,0,1,1,.258,.325,.420,.746,11,17,R,J.Eickhoff (50),2018
161,Sep 29,@,PHI,"L,0-3",34,28,0,2,0,0,0,0,5,1,10,1,0,0,1,2,0,0,.257,.325,.419,.743,7,13,R,A.Nola (77),2018
162,Sep 30,@,PHI,"L,1-3",35,31,1,4,2,0,0,1,4,0,16,0,0,0,0,0,0,0,.257,.324,.417,.742,7,19,L,R.Suarez (56),2018
Gtm,Date,,Opp,Rslt,PA,AB,R,H,2B,3B,HR,RBI,BB,IBB,SO,HBP,SH,SF,ROE,GDP,SB,CS,BA,OBP,SLG,OPS,LOB,#,Thr,Opp. Starter (GmeSc)
2019
1,Mar 28,@,NYY,"L,2-7",35,34,2,8,1,0,0,2,1,0,9,0,0,0,0,0,0,0,.235,.257,.265,.522,6,12,R,M.Tanaka (56),2019
2,Mar 30,@,NYY,"W,5-3",37,36,5,9,2,0,0,4,1,0,9,0,0,0,1,1,2,0,.243,.264,.286,.550,5,10,L,J.Paxton (59),2019
3,Mar 31,@,NYY,"W,7-5",41,34,7,8,1,0,3,7,7,0,11,0,0,0,0,1,1,0,.240,.301,.365,.666,7,10,L,J.Happ (38),2019
4,Apr 1,@,TOR,"W,6-5",38,32,6,6,0,0,2,5,3,0,12,2,0,1,0,0,0,0,.228,.298,.368,.666,5,10,R,S.Reid-Foley (33),2019
5,Apr 2,@,TOR,"W,2-1",36,34,2,10,3,1,0,2,2,1,8,0,0,0,0,2,0,0,.241,.305,.382,.687,7,10,R,M.Stroman (47),2019
6,Apr 3,@,TOR,"L,3-5",33,31,3,6,1,0,1,3,1,0,10,1,0,0,0,0,0,1,.234,.295,.373,.669,3,11,R,M.Shoemaker (80),2019
7,Apr 4,,NYY,"L,4-8",39,35,4,10,1,0,1,2,4,0,12,0,0,0,0,1,0,0,.242,.305,.377,.682,8,11,L,J.Paxton (43),2019
8,Apr 6,,NYY,"L,4-6",42,36,4,8,2,0,1,4,3,0,9,2,0,1,1,0,1,0,.239,.306,.375,.681,11,12,L,J.Happ (48),2019
9,Apr 7,,NYY,"L,3-15",36,33,3,5,1,0,0,1,3,0,6,0,0,0,1,0,0,0,.230,.297,.354,.651,6,11,R,D.German (61),2019
10,Apr 8,,OAK,"W,12-4",42,37,12,15,1,3,2,11,3,0,5,0,1,1,0,0,0,0,.249,.312,.398,.710,6,9,R,M.Estrada (22),2019
11,Apr 9,,OAK,"L,2-13",33,32,2,7,1,0,0,2,1,0,6,0,0,0,0,0,1,1,.246,.307,.385,.692,4,10,L,B.Anderson (55),2019
12,Apr 10,,OAK,"L,3-10",34,31,3,4,1,0,2,3,3,0,4,0,0,0,0,0,0,0,.237,.299,.383,.682,4,10,R,F.Montas (56),2019
13,Apr 11,,OAK,"L,5-8",38,32,5,4,1,0,1,4,5,0,7,1,0,0,1,0,0,0,.229,.296,.373,.669,6,11,R,A.Brooks (54),2019
14,Apr 12,@,BOS,"L,4-6",34,32,4,4,1,0,2,4,2,0,12,0,0,0,1,1,0,0,.222,.288,.371,.659,3,11,L,E.Rodriguez (68),2019
15,Apr 13,@,BOS,"W,9-5",48,39,9,13,3,0,0,8,8,0,8,0,1,0,2,0,0,1,.230,.301,.374,.675,12,11,R,R.Porcello (35),2019
16,Apr 14,@,BOS,"L,0-4",34,32,0,5,2,0,0,0,2,0,10,0,0,0,1,0,0,1,.226,.296,.365,.661,7,11,L,D.Price (78),2019
17,Apr 15,@,BOS,"W,8-1",41,34,8,10,3,0,2,8,7,0,9,0,0,0,1,2,1,0,.230,.304,.376,.680,6,10,R,H.Velazquez (48),2019
18,Apr 16,@,TBR,"L,2-4",33,33,2,7,1,0,0,2,0,0,4,0,0,0,0,1,1,0,.229,.299,.369,.668,4,9,R,T.Glasnow (58),2019
19,Apr 17,@,TBR,"L,1-8",32,30,1,3,2,0,1,1,2,0,13,0,0,0,1,1,0,0,.223,.293,.364,.657,4,10,R,R.Stanek (54),2019
20,Apr 18,@,TBR,"W,6-5",51,45,6,15,3,1,1,6,5,1,7,0,0,1,0,0,1,0,.230,.299,.374,.673,12,10,R,H.Wood (52),2019
21,Apr 20 (1),,MIN,"L,5-6",42,38,5,13,3,0,3,5,3,0,10,1,0,0,0,0,2,0,.236,.305,.389,.694,10,11,R,J.Berrios (42),2019
22,Apr 20 (2),,MIN,"L,7-16",37,36,7,11,1,0,3,6,1,0,2,0,0,0,0,2,0,0,.239,.306,.398,.704,3,11,L,M.Perez (45),2019
23,Apr 21,,MIN,"L,3-4",39,36,3,9,1,0,0,3,2,1,10,1,0,0,0,0,2,0,.240,.306,.393,.699,9,12,R,K.Gibson (60),2019
24,Apr 22,,CHW,"L,2-12",37,36,2,9,1,0,1,2,1,0,11,0,0,0,1,0,0,0,.240,.304,.391,.696,8,9,L,M.Banuelos (55),2019
25,Apr 23,,CHW,"W,9-1",40,34,9,11,1,0,4,8,5,0,7,1,0,0,0,1,0,0,.244,.309,.404,.713,7,10,R,I.Nova (5),2019
26,Apr 24,,CHW,"W,4-3",32,30,4,8,2,1,1,4,1,0,3,0,0,1,0,1,1,0,.244,.309,.407,.716,4,10,R,E.Santana (37),2019
27,Apr 26,@,MIN,"L,1-6",38,34,1,8,1,0,0,1,3,0,8,1,0,0,0,1,0,0,.244,.309,.402,.711,10,10,L,M.Perez (60),2019
28,Apr 27,@,MIN,"L,2-9",35,35,2,8,1,0,0,2,0,0,14,0,0,0,0,0,1,0,.243,.306,.396,.703,6,10,R,J.Berrios (58),2019
29,Apr 28,@,MIN,"L,1-4",33,31,1,4,2,0,1,1,0,0,9,1,1,0,1,0,0,0,.240,.302,.393,.695,5,9,R,K.Gibson (73),2019
30,Apr 29,@,CHW,"L,3-5",38,34,3,9,0,0,1,3,4,0,10,0,0,0,0,2,0,0,.241,.303,.392,.695,8,10,L,M.Banuelos (54),2019
2019
31,May 1 (1),@,CHW,"W,5-4",45,37,5,11,4,1,0,4,6,1,12,0,1,1,1,0,1,0,.243,.306,.394,.700,13,10,L,C.Rodon (43),2019
32,May 1 (2),@,CHW,"L,6-7",41,38,6,11,1,0,2,5,2,0,9,1,0,0,1,0,1,0,.244,.307,.397,.704,8,10,R,I.Nova (34),2019
33,May 3,,TBR,"L,0-7",31,31,0,5,0,0,0,0,0,0,10,0,0,0,0,1,0,0,.242,.304,.390,.694,4,9,R,T.Glasnow (79),2019
34,May 4,,TBR,"W,3-0",31,30,3,7,2,0,1,2,1,0,4,0,0,0,1,2,0,0,.242,.303,.391,.693,4,10,R,Y.Chirinos (54),2019
35,May 6,,BOS,"W,4-1",35,31,4,8,1,0,1,4,2,0,7,1,1,0,0,0,0,0,.242,.303,.391,.694,7,10,R,J.Smith (35),2019
36,May 7,,BOS,"L,5-8",36,34,5,8,2,0,2,5,2,0,5,0,0,0,0,1,0,0,.242,.303,.393,.695,4,10,R,H.Velazquez (44),2019
37,May 8,,BOS,"L,1-2",43,41,1,5,2,0,0,1,0,0,22,2,0,0,0,0,2,0,.238,.298,.386,.684,6,11,L,C.Sale (86),2019
38,May 10,,LAA,"L,3-8",34,33,3,5,1,0,2,3,1,0,9,0,0,0,1,0,1,0,.236,.295,.385,.680,4,9,R,T.Cahill (61),2019
39,May 11,,LAA,"L,2-7",39,36,2,9,2,0,1,2,3,0,12,0,0,0,0,0,0,0,.236,.296,.385,.681,10,9,R,M.Harvey (48),2019
40,May 12,,LAA,"W,5-1",41,33,5,9,0,0,4,5,8,0,8,0,0,0,0,0,0,0,.237,.299,.391,.690,12,10,R,G.Canning (40),2019
41,May 15 (1),@,NYY,"L,3-5",33,33,3,7,2,0,2,3,0,0,10,0,0,0,0,1,1,0,.237,.297,.393,.690,3,10,L,J.Happ (49),2019
42,May 15 (2),@,NYY,"L,1-3",34,32,1,7,1,0,0,1,1,0,12,0,0,1,0,0,0,1,.236,.296,.390,.685,6,11,R,D.German (68),2019
43,May 16,@,CLE,"L,7-14",40,36,7,10,1,0,2,7,4,0,6,0,0,0,0,0,1,0,.237,.297,.392,.689,6,9,R,T.Bauer (28),2019
44,May 17,@,CLE,"W,5-1",36,35,5,10,5,0,2,5,1,0,7,0,0,0,0,1,0,0,.238,.297,.396,.694,4,9,R,J.Rodriguez (48),2019
45,May 18,@,CLE,"L,1-4",31,28,1,1,0,0,1,1,3,0,9,0,0,0,1,1,0,0,.235,.294,.392,.686,3,10,R,A.Plutko (68),2019
46,May 19,@,CLE,"L,0-10",31,31,0,5,0,0,0,0,0,0,15,0,0,0,0,1,0,0,.233,.292,.387,.679,4,11,R,S.Bieber (92),2019
47,May 20,,NYY,"L,7-10",46,38,7,13,5,1,2,7,5,0,8,2,0,1,1,2,1,0,.236,.295,.394,.690,12,11,L,J.Happ (21),2019
48,May 21,,NYY,"L,4-11",37,35,4,8,1,0,1,4,1,0,6,1,0,0,1,1,0,0,.236,.295,.393,.688,6,9,R,D.German (51),2019
49,May 22,,NYY,"L,5-7",40,34,5,7,3,0,2,4,4,0,13,2,0,0,0,0,0,0,.235,.296,.395,.690,8,11,L,C.Sabathia (42),2019
50,May 23,,NYY,"L,5-6",37,34,5,8,0,1,1,5,3,0,8,0,0,0,0,1,0,0,.235,.296,.394,.690,5,11,R,M.Tanaka (62),2019
51,May 24,@,COL,"L,6-8",38,35,6,10,4,0,3,6,2,0,10,0,1,0,0,0,1,1,.236,.296,.400,.696,5,16,R,J.Hoffman (34),2019
52,May 25,@,COL,"W,9-6",43,40,9,17,2,0,2,9,3,0,7,0,0,0,0,2,0,1,.240,.300,.405,.705,7,13,L,K.Freeland (15),2019
53,May 26,@,COL,"L,7-8",42,37,7,11,3,1,0,7,2,0,5,0,2,1,1,0,0,0,.241,.300,.405,.706,8,17,R,G.Marquez (46),2019
54,May 27,,DET,"W,5-3",35,30,5,7,1,0,2,4,3,0,6,0,1,1,0,0,1,0,.241,.300,.406,.707,6,9,L,D.Norris (47),2019
55,May 28,,DET,"L,0-3",35,32,0,6,0,0,0,0,2,0,13,1,0,0,0,0,1,1,.240,.300,.403,.702,8,11,L,M.Boyd (67),2019
56,May 29,,DET,"L,2-4",36,32,2,5,3,0,1,2,2,0,10,2,0,0,0,0,1,0,.239,.299,.402,.700,7,12,L,R.Carpenter (52),2019
57,May 31,,SFG,"W,9-6",37,31,9,9,1,0,3,9,5,0,6,1,0,0,0,1,2,1,.240,.301,.405,.706,4,9,L,D.Pomeranz (10),2019
2019
58,Jun 1,,SFG,"L,2-8",33,32,2,6,0,0,1,2,1,0,4,0,0,0,0,1,0,0,.239,.299,.403,.702,4,9,R,S.Anderson (62),2019
59,Jun 2,,SFG,"L,1-8",34,32,1,4,1,0,1,1,2,0,13,0,0,0,0,0,0,0,.237,.297,.401,.698,6,9,R,J.Samardzija (68),2019
60,Jun 4,@,TEX,"W,12-11",43,38,12,15,1,0,5,12,4,0,5,0,0,1,0,1,2,1,.240,.300,.408,.708,4,10,L,D.Smyly (16),2019
61,Jun 5,@,TEX,"L,1-2",48,43,1,8,0,0,1,1,3,0,14,2,0,0,0,1,2,0,.239,.299,.405,.705,11,12,L,M.Minor (60),2019
62,Jun 6,@,TEX,"L,3-4",36,32,3,8,2,0,1,3,2,0,11,1,1,0,0,2,1,0,.239,.300,.405,.705,6,11,R,A.Jurado (49),2019
63,Jun 7,@,HOU,"L,3-4",40,39,3,5,1,0,1,3,0,0,17,1,0,0,1,0,0,0,.237,.297,.402,.699,4,11,R,G.Cole (75),2019
64,Jun 8,@,HOU,"W,4-1",37,35,4,8,1,0,2,3,1,0,9,1,0,0,0,0,0,0,.237,.297,.402,.699,6,9,L,F.Valdez (70),2019
65,Jun 9,@,HOU,"L,0-4",34,30,0,6,0,0,0,0,4,0,8,0,0,0,0,2,0,1,.237,.297,.400,.696,7,11,L,W.Miley (63),2019
66,Jun 11,,TOR,"W,4-2",37,33,4,11,6,0,0,4,4,0,7,0,0,0,0,1,0,1,.238,.298,.401,.700,9,11,R,T.Thornton (42),2019
67,Jun 12,,TOR,"L,6-8",40,32,6,8,2,1,1,5,7,0,7,1,0,0,0,1,0,1,.238,.300,.402,.702,7,10,R,D.Law (50),2019
68,Jun 13,,TOR,"L,3-12",37,37,3,10,1,0,1,3,0,0,10,0,0,0,2,2,1,0,.239,.300,.402,.702,7,10,R,M.Stroman (57),2019
69,Jun 14,,BOS,"L,2-13",36,34,2,9,2,0,1,2,0,0,6,1,1,0,0,0,0,0,.239,.299,.402,.701,7,11,L,E.Rodriguez (65),2019
70,Jun 15,,BOS,"L,2-7",38,34,2,8,1,0,0,2,3,0,15,0,0,1,0,0,0,0,.239,.299,.400,.699,9,11,L,C.Sale (61),2019
71,Jun 16,,BOS,"L,6-8",48,43,6,12,1,1,2,5,5,0,9,0,0,0,2,1,2,0,.240,.300,.402,.702,12,11,L,B.Johnson (45),2019
72,Jun 17,@,OAK,"L,2-3",32,29,2,4,0,0,0,1,2,0,6,0,1,0,0,0,0,1,.238,.299,.399,.698,3,9,R,M.Fiers (62),2019
73,Jun 18,@,OAK,"L,2-16",32,31,2,4,0,0,1,1,1,0,4,0,0,0,0,1,0,0,.237,.297,.396,.694,3,10,L,B.Anderson (64),2019
74,Jun 19,@,OAK,"L,3-8",38,32,3,6,0,0,0,3,4,0,12,1,0,1,0,0,1,0,.236,.297,.394,.691,8,10,R,C.Bassitt (60),2019
75,Jun 20,@,SEA,"L,2-5",35,30,2,4,0,0,0,2,5,1,11,0,0,0,0,1,1,0,.235,.297,.391,.687,6,9,R,T.Scott (41),2019
76,Jun 21,@,SEA,"L,9-10",39,39,9,14,4,0,0,8,0,0,8,0,0,0,1,3,0,0,.237,.298,.392,.689,3,10,R,M.Leake (18),2019
77,Jun 22,@,SEA,"W,8-4",41,32,8,8,1,0,2,8,7,1,9,0,1,1,0,0,3,1,.237,.299,.393,.691,6,10,L,T.Milone (50),2019
78,Jun 23,@,SEA,"L,3-13",38,33,3,7,4,0,1,3,5,0,8,0,0,0,1,2,0,0,.237,.299,.393,.692,8,12,L,Y.Kikuchi (48),2019
79,Jun 25,,SDP,"L,3-8",38,36,3,11,2,0,1,3,2,0,9,0,0,0,1,2,0,0,.238,.299,.394,.693,8,9,L,L.Allen (51),2019
80,Jun 26,,SDP,"L,5-10",39,36,5,8,1,1,2,5,3,0,15,0,0,0,1,0,0,0,.238,.299,.395,.694,7,10,L,M.Strahm (55),2019
81,Jun 28,,CLE,"W,13-0",43,38,13,16,4,0,2,13,4,0,5,0,0,1,0,0,1,0,.240,.302,.399,.700,6,9,R,M.Clevinger (16),2019
82,Jun 29,,CLE,"W,13-0",45,35,13,13,4,0,4,13,6,0,6,3,1,0,0,0,0,0,.242,.304,.404,.709,8,11,R,Z.Plesac (20),2019
83,Jun 30,,CLE,"L,0-2",32,31,0,5,1,0,0,0,1,0,14,0,0,0,0,0,0,0,.241,.303,.402,.705,5,13,R,S.Bieber (87),2019
2019
84,Jul 1,@,TBR,"L,3-6",38,35,3,9,3,0,0,3,3,0,11,0,0,0,1,0,0,2,.241,.303,.401,.704,8,10,R,R.Stanek (54),2019
85,Jul 2,@,TBR,"L,3-6",34,33,3,6,0,0,2,3,1,0,16,0,0,0,0,0,0,0,.240,.302,.401,.703,4,9,R,C.Morton (76),2019
86,Jul 3,@,TBR,"W,9-6",44,39,9,11,0,1,2,8,4,0,14,0,1,0,0,0,0,0,.241,.303,.402,.705,8,13,R,R.Stanek (55),2019
87,Jul 5,@,TOR,"W,4-1",36,30,4,6,0,0,1,4,5,0,9,0,1,0,0,1,1,0,.241,.303,.401,.704,5,12,R,A.Sanchez (54),2019
88,Jul 6,@,TOR,"W,8-1",40,36,8,10,3,0,2,8,4,0,4,0,0,0,2,2,0,1,.241,.304,.402,.706,5,9,L,C.Richard (41),2019
89,Jul 7,@,TOR,"L,1-6",34,33,1,6,2,0,1,1,1,0,5,0,0,0,0,0,0,0,.240,.303,.402,.704,6,9,R,T.Thornton (71),2019
90,Jul 12,,TBR,"L,4-16",35,32,4,5,1,1,1,4,2,0,10,0,0,1,1,0,0,0,.240,.302,.401,.703,4,11,R,Y.Chirinos (69),2019
91,Jul 13 (1),,TBR,"W,2-1",31,31,2,7,0,0,1,2,0,0,13,0,0,0,0,0,1,0,.239,.301,.400,.701,5,10,L,B.McKay (68),2019
92,Jul 13 (2),,TBR,"L,4-12",39,37,4,10,2,0,1,4,2,0,10,0,0,0,0,0,0,0,.240,.301,.400,.701,8,9,R,C.Morton (57),2019
93,Jul 14,,TBR,"L,1-4",30,30,1,3,0,0,0,1,0,0,9,0,0,0,0,0,0,0,.238,.299,.397,.697,2,10,R,R.Stanek (58),2019
94,Jul 16,,WSN,"L,1-8",35,30,1,4,1,0,1,1,3,0,6,2,0,0,0,0,0,0,.237,.299,.396,.695,7,9,R,A.Voth (63),2019
95,Jul 17,,WSN,"W,9-2",37,33,9,14,1,0,2,9,2,0,3,0,0,2,1,2,0,1,.239,.300,.399,.699,4,10,R,E.Fedde (60),2019
96,Jul 19,,BOS,"W,11-2",43,38,11,14,1,1,2,9,3,0,7,1,0,1,1,0,1,0,.241,.302,.401,.703,8,10,L,D.Price (25),2019
97,Jul 20,,BOS,"L,6-17",43,41,6,14,4,1,2,6,2,0,10,0,0,0,0,0,0,0,.242,.302,.404,.706,10,11,R,R.Porcello (24),2019
98,Jul 21,,BOS,"W,5-0",32,28,5,7,1,0,3,5,3,0,10,1,0,0,0,1,0,1,.242,.303,.406,.708,3,11,R,A.Cashner (49),2019
99,Jul 22,@,ARI,"L,3-6",37,35,3,9,0,0,2,3,1,0,12,0,1,0,0,0,0,0,.242,.303,.406,.708,7,15,L,R.Ray (53),2019
100,Jul 23,@,ARI,"W,7-2",37,35,7,9,0,0,3,7,2,0,15,0,0,0,0,0,0,0,.242,.302,.407,.709,3,14,R,M.Kelly (17),2019
101,Jul 24,@,ARI,"L,2-5",39,34,2,7,1,0,2,2,4,0,12,1,0,0,0,0,0,0,.242,.303,.407,.710,10,17,R,T.Clarke (63),2019
102,Jul 25,@,LAA,"W,10-8",70,65,10,18,2,0,2,10,4,0,17,0,0,1,0,1,5,0,.243,.303,.407,.710,12,11,L,J.Suarez (52),2019
103,Jul 26,@,LAA,"W,9-3",41,36,9,11,1,0,2,9,3,0,7,1,0,1,0,1,3,0,.243,.303,.408,.711,5,10,R,N.Tropeano (27),2019
104,Jul 27,@,LAA,"W,8-7",42,38,8,15,3,0,2,8,3,0,9,1,0,0,0,2,1,1,.245,.305,.410,.715,7,11,L,D.Peters (26),2019
Gtm,Date,,Opp,Rslt,PA,AB,R,H,2B,3B,HR,RBI,BB,IBB,SO,HBP,SH,SF,ROE,GDP,SB,CS,BA,OBP,SLG,OPS,LOB,#,Thr,Opp. Starter (GmeSc)
2018
1,Mar 29,,MIN,"W,3-2",40,34,3,5,1,1,1,3,5,2,13,0,1,0,0,1,1,0,.147,.256,.324,.580,7,11,R,J.Odorizzi (73),2018
2,Mar 31,,MIN,"L,2-6",37,30,2,3,1,0,1,2,7,0,11,0,0,0,0,0,0,0,.125,.263,.281,.544,8,11,R,K.Gibson (73),2018
3,Apr 1,,MIN,"L,0-7",31,30,0,3,1,0,0,0,1,0,6,0,0,0,0,0,0,0,.117,.224,.234,.458,4,9,R,J.Berrios (86),2018
4,Apr 2,@,HOU,"L,1-6",36,33,1,6,2,0,1,1,2,0,9,1,0,0,0,0,0,0,.134,.231,.260,.491,8,10,R,C.Morton (70),2018
5,Apr 3,@,HOU,"L,6-10",41,38,6,12,3,0,2,6,2,0,13,0,0,1,1,1,1,0,.176,.255,.327,.583,8,9,R,J.Verlander (51),2018
6,Apr 4,@,HOU,"L,2-3",39,35,2,8,1,0,0,1,4,0,10,0,0,0,1,1,1,0,.185,.265,.315,.580,10,11,L,D.Keuchel (50),2018
7,Apr 5,@,NYY,"W,5-2",37,36,5,10,2,0,1,5,1,0,13,0,0,0,0,0,1,0,.199,.269,.331,.600,5,10,R,M.Tanaka (56),2018
8,Apr 6,@,NYY,"W,7-3",61,51,7,9,0,0,4,7,8,0,16,1,1,0,2,1,0,0,.195,.275,.345,.620,12,12,L,C.Sabathia (45),2018
9,Apr 7,@,NYY,"L,3-8",36,34,3,6,3,0,0,3,2,0,10,0,0,0,1,0,0,0,.193,.270,.336,.606,6,9,R,S.Gray (54),2018
10,Apr 8,@,NYY,"W,8-7",54,50,8,16,1,0,2,8,4,0,15,0,0,0,0,2,2,0,.210,.283,.353,.636,10,10,L,J.Montgomery (29),2018
11,Apr 9,,TOR,"L,1-7",39,35,1,9,0,0,1,1,3,0,11,1,0,0,1,2,0,0,.214,.287,.352,.640,11,11,L,J.Happ (64),2018
12,Apr 10,,TOR,"L,1-2",33,27,1,3,2,0,0,1,5,1,4,1,0,0,0,2,0,1,.208,.286,.342,.628,5,10,R,A.Sanchez (71),2018
13,Apr 11,,TOR,"W,5-3",38,34,5,11,4,0,0,5,3,0,11,0,0,1,0,0,0,0,.216,.292,.349,.641,9,10,R,M.Estrada (36),2018
14,Apr 13,@,BOS,"L,3-7",37,34,3,9,1,0,0,3,2,0,12,0,0,1,0,0,0,0,.220,.293,.345,.638,7,12,L,E.Rodriguez (64),2018
15,Apr 14,@,BOS,"L,3-10",35,34,3,9,3,0,1,3,1,0,9,0,0,0,0,2,0,0,.222,.292,.351,.644,5,11,R,H.Velazquez (51),2018
16,Apr 15,@,BOS,"L,1-3",33,30,1,3,1,0,0,1,3,0,14,0,0,0,0,0,1,0,.216,.286,.340,.626,5,11,L,C.Sale (65),2018
17,Apr 17,@,DET,"L,2-4",36,31,2,6,0,0,1,2,5,0,12,0,0,0,0,1,0,0,.215,.287,.337,.625,7,12,L,F.Liriano (53),2018
18,Apr 18,@,DET,"L,5-6",38,33,5,7,2,0,2,5,4,0,10,0,0,1,0,0,0,0,.215,.288,.343,.631,6,12,L,M.Boyd (68),2018
19,Apr 19,@,DET,"L,8-13",42,39,8,14,6,0,3,8,3,0,11,0,0,0,0,1,0,0,.223,.294,.367,.661,7,9,R,J.Zimmermann (43),2018
20,Apr 20,,CLE,"W,3-1",33,29,3,6,3,0,1,3,3,1,6,1,0,0,0,1,0,0,.222,.295,.369,.663,6,10,R,T.Bauer (58),2018
21,Apr 21,,CLE,"L,0-4",31,29,0,2,0,0,0,0,2,0,3,0,0,0,1,1,0,0,.216,.288,.357,.645,4,9,R,M.Clevinger (84),2018
22,Apr 22,,CLE,"L,3-7",32,32,3,6,1,0,2,3,0,0,7,0,0,0,0,1,0,0,.215,.284,.359,.643,2,10,R,C.Kluber (57),2018
23,Apr 23,,CLE,"L,1-2",34,32,1,7,1,0,0,1,2,1,11,0,0,0,0,0,1,0,.215,.284,.354,.638,6,11,R,C.Carrasco (67),2018
24,Apr 25,,TBR,"L,4-8",35,32,4,5,4,0,1,4,3,0,10,0,0,0,0,0,0,0,.213,.281,.355,.637,4,9,R,J.Faria (41),2018
25,Apr 26,,TBR,"L,5-9",42,39,5,16,1,0,2,5,1,0,9,2,0,0,0,4,1,0,.222,.289,.366,.655,10,10,R,C.Archer (36),2018
26,Apr 27,,DET,"W,6-0",33,32,6,8,2,0,3,6,1,1,5,0,0,0,0,0,1,0,.223,.288,.374,.663,3,10,R,M.Fiers (56),2018
27,Apr 28,,DET,"L,5-9",39,33,5,8,1,1,0,5,5,0,4,1,0,0,0,1,0,0,.224,.291,.373,.664,7,12,L,F.Liriano (48),2018
28,Apr 29,,DET,"W,5-3",38,32,5,8,1,0,3,5,5,0,9,1,0,0,0,0,2,1,.224,.294,.379,.673,9,9,L,D.Norris (39),2018
2018
29,May 1,@,LAA,"L,2-3",33,31,2,4,2,0,0,2,2,0,6,0,0,0,0,0,0,0,.221,.291,.373,.664,4,10,R,N.Tropeano (74),2018
30,May 2,@,LAA,"L,7-10",40,34,7,10,0,2,0,7,4,0,6,0,0,2,0,1,0,0,.224,.293,.374,.667,6,12,L,A.Heaney (59),2018
31,May 3,@,LAA,"L,3-12",36,34,3,8,0,0,0,3,2,0,5,0,0,0,1,2,0,0,.224,.292,.370,.662,6,12,R,J.Barria (56),2018
32,May 4,@,OAK,"L,4-6",37,35,4,9,2,0,1,4,2,1,11,0,0,0,0,1,0,0,.225,.292,.371,.663,6,10,R,D.Mengden (61),2018
33,May 5,@,OAK,"L,0-2",47,41,0,7,3,0,0,0,5,1,20,1,0,0,0,0,1,2,.223,.292,.366,.658,11,11,R,T.Cahill (75),2018
34,May 6,@,OAK,"L,1-2",31,29,1,3,0,0,1,1,1,1,9,0,1,0,0,0,0,0,.220,.288,.362,.650,3,10,R,A.Triggs (78),2018
35,May 8,,KCR,"L,7-15",45,40,7,14,1,0,3,7,4,0,8,0,0,1,0,0,0,0,.225,.292,.370,.662,11,11,L,D.Duffy (55),2018
36,May 9,,KCR,"W,5-3",34,32,5,9,1,0,1,5,2,0,3,0,0,0,0,1,0,0,.226,.293,.371,.664,5,10,L,E.Skoglund (53),2018
37,May 10,,KCR,"W,11-6",40,37,11,14,4,0,3,11,3,0,6,0,0,0,0,1,0,0,.231,.296,.382,.678,5,11,R,I.Kennedy (12),2018
38,May 11,,TBR,"W,9-4",35,33,9,10,1,0,4,9,1,0,6,1,0,0,0,1,0,0,.232,.298,.390,.687,2,10,R,J.Faria (30),2018
39,May 12 (1),,TBR,"W,6-3",34,31,6,7,2,0,3,4,3,0,5,0,0,0,0,0,2,0,.232,.297,.394,.691,4,10,R,C.Archer (40),2018
40,May 12 (2),,TBR,"L,3-10",32,30,3,4,2,0,1,3,2,0,7,0,0,0,0,0,0,0,.230,.295,.392,.687,2,9,R,M.Andriese (54),2018
41,May 13,,TBR,"W,17-1",49,44,17,19,3,1,4,17,5,0,5,0,0,0,1,0,0,0,.236,.301,.405,.707,8,11,L,B.Snell (29),2018
42,May 16,,PHI,"L,1-4",33,31,1,4,2,0,1,1,2,0,13,0,0,0,0,0,0,0,.234,.299,.403,.702,5,10,R,N.Pivetta (79),2018
43,May 17,@,BOS,"L,2-6",31,31,2,5,1,0,1,2,0,0,8,0,0,0,0,0,0,0,.232,.296,.400,.697,2,9,L,D.Price (77),2018
44,May 18,@,BOS,"W,7-4",42,37,7,10,5,0,1,7,5,0,8,0,0,0,0,0,0,0,.233,.298,.403,.700,8,11,L,D.Pomeranz (29),2018
45,May 19,@,BOS,"L,3-6",36,32,3,6,1,0,1,3,3,0,13,0,0,1,0,0,0,0,.232,.297,.401,.697,6,9,R,R.Porcello (54),2018
46,May 20,@,BOS,"L,0-5",41,41,0,13,1,0,0,0,0,0,10,0,0,0,1,0,0,0,.235,.297,.399,.696,14,10,L,E.Rodriguez (58),2018
47,May 21,@,CHW,"W,3-2",34,31,3,5,0,0,3,3,3,1,12,0,0,0,0,1,1,0,.233,.296,.400,.696,4,11,L,H.Santiago (55),2018
48,May 22,@,CHW,"L,2-3",36,32,2,7,3,0,0,2,3,0,9,1,0,0,0,1,0,0,.233,.296,.398,.695,7,11,R,J.Shields (62),2018
49,May 23,@,CHW,"L,1-11",35,34,1,6,0,0,0,1,1,0,9,0,0,0,1,0,0,0,.232,.294,.394,.688,7,11,R,D.Covey (68),2018
50,May 24,@,CHW,"W,9-3",47,39,9,12,0,0,2,9,7,0,8,1,0,0,1,1,1,0,.234,.298,.395,.693,11,10,R,L.Giolito (11),2018
51,May 25,@,TBR,"W,2-0",35,35,2,9,1,0,1,2,0,0,9,0,0,0,0,2,0,0,.234,.297,.395,.692,6,9,R,S.Romo (45),2018
52,May 26,@,TBR,"L,1-5",31,30,1,3,1,1,0,1,1,0,11,0,0,0,0,0,0,0,.232,.294,.392,.686,3,9,R,R.Stanek (58),2018
53,May 27,@,TBR,"L,3-8",39,33,3,8,2,0,0,3,5,1,6,0,0,1,0,1,0,0,.232,.295,.390,.685,9,9,R,S.Romo (34),2018
54,May 28,,WSN,"L,0-6",33,31,0,7,1,0,0,0,2,0,3,0,0,0,0,3,0,0,.232,.295,.388,.682,6,9,L,G.Gonzalez (68),2018
55,May 29,,WSN,"L,2-3",36,33,2,9,1,0,1,2,0,0,9,3,0,0,0,2,0,0,.233,.295,.388,.683,7,12,R,J.Hellickson (50),2018
56,May 30,,WSN,"L,0-2",31,30,0,4,1,0,0,0,1,0,12,0,0,0,0,0,0,1,.231,.293,.384,.678,4,10,R,M.Scherzer (89),2018
2018
57,Jun 1,,NYY,"L,1-4",36,31,1,5,2,0,1,1,3,0,12,2,0,0,0,1,0,0,.230,.293,.384,.677,8,12,R,S.Gray (66),2018
58,Jun 2,,NYY,"L,5-8",39,37,5,11,3,0,3,5,2,0,12,0,0,0,0,1,0,0,.231,.294,.388,.682,7,9,R,M.Tanaka (42),2018
59,Jun 5,@,NYM,"W,2-1",33,29,2,6,0,0,0,2,2,0,7,0,1,1,0,2,1,0,.231,.293,.385,.678,4,14,L,J.Vargas (52),2018
60,Jun 6,@,NYM,"W,1-0",34,29,1,5,0,0,0,1,1,0,7,3,0,1,0,1,1,0,.230,.293,.382,.675,6,15,R,Z.Wheeler (75),2018
61,Jun 7,@,TOR,"L,4-5",40,36,4,7,1,0,3,4,3,1,11,0,0,1,0,0,0,0,.229,.292,.384,.676,6,10,L,J.Garcia (63),2018
62,Jun 8,@,TOR,"L,1-5",33,31,1,5,1,0,0,0,2,0,3,0,0,0,0,0,1,0,.228,.291,.381,.672,5,10,L,J.Happ (72),2018
63,Jun 9,@,TOR,"L,3-4",46,38,3,8,1,0,0,2,7,1,9,1,0,0,1,1,1,0,.228,.292,.379,.670,13,10,R,A.Sanchez (54),2018
64,Jun 10,@,TOR,"L,3-13",36,33,3,7,1,0,2,3,2,0,12,1,0,0,0,1,1,0,.228,.292,.379,.671,6,11,R,M.Estrada (64),2018
65,Jun 11,,BOS,"L,0-2",49,41,0,5,1,0,0,0,7,0,14,1,0,0,0,0,2,0,.226,.291,.375,.666,13,11,R,S.Wright (68),2018
66,Jun 12,,BOS,"L,4-6",44,38,4,11,1,0,1,4,6,0,8,0,0,0,1,1,0,0,.227,.293,.375,.668,13,11,L,E.Rodriguez (47),2018
67,Jun 13,,BOS,"L,1-5",37,30,1,4,1,0,0,1,5,0,9,1,0,1,0,0,1,0,.226,.293,.372,.665,9,10,L,C.Sale (69),2018
68,Jun 15,,MIA,"L,0-2",30,28,0,3,0,0,0,0,1,0,6,1,0,0,0,2,0,0,.224,.291,.369,.660,3,9,R,J.Urena (79),2018
69,Jun 16,,MIA,"L,4-5",39,36,4,11,2,0,1,4,3,0,5,0,0,0,0,2,0,0,.225,.292,.370,.662,8,11,L,W.Chen (45),2018
70,Jun 17,,MIA,"W,10-4",40,38,10,14,4,0,2,10,2,0,7,0,0,0,0,0,0,0,.228,.294,.375,.668,6,10,R,T.Richards (19),2018
71,Jun 19,@,WSN,"L,7-9",38,32,7,7,1,1,3,6,5,0,6,1,0,0,0,1,0,1,.228,.294,.377,.672,4,16,R,J.Rodriguez (42),2018
72,Jun 20,@,WSN,"W,3-0",34,33,3,8,2,1,1,3,0,0,8,0,0,1,0,1,1,0,.228,.294,.379,.672,4,16,L,G.Gonzalez (46),2018
73,Jun 21,@,WSN,"L,2-4",33,32,2,5,2,0,2,2,1,0,9,0,0,0,0,0,0,0,.227,.292,.379,.671,4,12,R,M.Scherzer (67),2018
74,Jun 22,@,ATL,"W,10-7",62,54,10,15,2,0,2,10,5,1,11,1,1,1,0,2,1,1,.228,.293,.380,.673,7,21,L,S.Newcomb (64),2018
75,Jun 23,@,ATL,"W,7-5",37,34,7,7,2,1,1,7,3,0,12,0,0,0,0,0,0,0,.228,.293,.380,.673,3,13,R,J.Teheran (27),2018
76,Jun 24,@,ATL,"L,3-7",33,31,3,6,1,0,2,3,1,0,5,1,0,0,0,2,0,0,.227,.293,.381,.673,3,13,R,B.McCarthy (50),2018
77,Jun 25,,SEA,"L,3-5",35,31,3,4,0,0,1,3,3,0,8,1,0,0,0,0,0,0,.226,.292,.379,.671,5,10,R,F.Hernandez (53),2018
78,Jun 26,,SEA,"L,2-3",33,32,2,8,1,0,1,1,1,0,11,0,0,0,0,1,0,1,.226,.292,.379,.670,4,12,L,J.Paxton (66),2018
79,Jun 27,,SEA,"L,7-8",45,45,7,13,1,0,2,6,0,0,5,0,0,0,0,0,0,0,.227,.292,.380,.672,5,12,L,W.LeBlanc (43),2018
80,Jun 28,,SEA,"L,2-4",38,35,2,6,0,0,2,2,3,1,8,0,0,0,0,1,1,0,.227,.291,.380,.670,6,9,R,M.Leake (64),2018
81,Jun 29,,LAA,"L,1-7",32,31,1,7,1,0,0,1,1,0,9,0,0,0,0,3,0,0,.227,.290,.378,.669,4,9,R,F.Pena (62),2018
82,Jun 30,,LAA,"L,2-6",36,33,2,6,0,0,0,2,2,0,7,0,0,1,2,0,0,0,.226,.290,.376,.665,7,11,L,T.Skaggs (58),2018
2018
83,Jul 1,,LAA,"W,8-2",34,32,8,10,2,0,4,8,2,0,8,0,0,0,0,2,0,0,.227,.290,.380,.670,2,11,R,D.McGuire (32),2018
84,Jul 3,@,PHI,"L,2-3",36,34,2,7,2,0,1,1,2,0,9,0,0,0,0,0,1,0,.227,.290,.380,.670,7,13,R,Z.Eflin (65),2018
85,Jul 4,@,PHI,"L,1-4",37,33,1,7,2,0,0,1,3,0,12,1,0,0,0,0,1,1,.227,.290,.379,.668,9,13,R,A.Nola (66),2018
86,Jul 5,@,MIN,"L,2-5",34,31,2,5,2,0,2,2,2,1,6,1,0,0,0,1,0,0,.226,.289,.379,.668,5,10,R,A.Slegers (63),2018
87,Jul 6,@,MIN,"L,2-6",39,37,2,11,0,0,0,1,2,0,4,0,0,0,1,1,0,0,.227,.290,.378,.668,10,9,R,L.Lynn (57),2018
88,Jul 7,@,MIN,"L,4-5",37,33,4,7,4,0,1,4,4,0,11,0,0,0,0,1,1,0,.227,.290,.378,.668,6,9,R,K.Gibson (62),2018
89,Jul 8,@,MIN,"L,1-10",34,33,1,7,2,0,1,1,1,0,6,0,0,0,0,1,0,0,.227,.289,.378,.668,6,12,R,J.Odorizzi (66),2018
90,Jul 9 (1),,NYY,"W,5-4",36,32,5,10,4,0,2,5,4,0,8,0,0,0,0,2,1,0,.228,.290,.381,.671,7,10,L,C.Sabathia (34),2018
91,Jul 9 (2),,NYY,"L,2-10",33,28,2,5,1,0,1,2,5,0,4,0,0,0,0,3,0,1,.227,.291,.380,.671,4,10,R,L.Cessa (67),2018
92,Jul 10,,NYY,"W,6-5",41,37,6,10,3,0,2,6,3,1,9,1,0,0,1,0,0,0,.228,.291,.382,.673,9,9,R,M.Tanaka (42),2018
93,Jul 11,,NYY,"L,0-9",33,32,0,5,2,0,0,0,1,0,12,0,0,0,0,0,0,0,.227,.290,.380,.670,6,11,R,S.Gray (73),2018
94,Jul 12,,PHI,"L,4-5",35,34,4,7,1,0,2,4,1,0,9,0,0,0,2,2,0,0,.227,.290,.381,.670,4,9,R,N.Pivetta (58),2018
95,Jul 13,,TEX,"L,4-5",38,34,4,9,2,0,0,4,2,0,7,1,0,1,0,1,2,0,.227,.290,.380,.670,7,10,L,C.Hamels (49),2018
96,Jul 14,,TEX,"W,1-0",30,27,1,6,1,0,0,1,2,0,5,0,0,1,1,3,1,0,.227,.290,.379,.669,5,11,L,M.Perez (65),2018
97,Jul 15,,TEX,"W,6-5",35,32,6,7,3,0,1,5,3,0,3,0,0,0,1,0,1,0,.227,.290,.379,.669,5,10,L,M.Minor (27),2018
98,Jul 20,@,TOR,"L,7-8",42,40,7,10,2,0,4,6,1,0,13,1,0,0,0,0,0,0,.227,.290,.382,.671,5,9,R,S.Gaviglio (56),2018
99,Jul 21,@,TOR,"L,1-4",33,30,1,5,1,0,0,1,2,0,9,1,0,0,0,1,0,0,.227,.289,.380,.669,5,9,R,M.Stroman (68),2018
100,Jul 22,@,TOR,"L,4-5",39,37,4,10,4,0,1,4,1,0,15,1,0,0,0,0,0,0,.227,.289,.381,.670,8,9,L,J.Happ (64),2018
101,Jul 23,,BOS,"L,3-5",36,35,3,11,3,0,1,3,1,0,9,0,0,0,0,1,0,0,.228,.290,.382,.672,6,9,R,R.Porcello (65),2018
102,Jul 24,,BOS,"W,7-6",37,31,7,9,0,0,2,7,5,0,5,0,0,1,0,0,1,1,.229,.291,.383,.674,6,11,L,D.Pomeranz (38),2018
103,Jul 26,,TBR,"L,3-4",38,35,3,9,2,0,2,3,3,0,7,0,0,0,0,1,0,0,.229,.291,.384,.675,8,9,R,H.Wood (55),2018
104,Jul 27,,TBR,"W,15-5",47,39,15,15,2,0,2,13,8,0,4,0,0,0,1,1,0,0,.231,.293,.386,.680,8,12,R,C.Archer (45),2018
105,Jul 28,,TBR,"W,11-2",41,35,11,15,3,0,2,11,5,0,3,0,0,1,0,3,0,0,.233,.295,.389,.685,6,10,R,R.Stanek (39),2018
106,Jul 29,,TBR,"W,11-5",44,39,11,15,1,0,4,11,4,0,9,1,0,0,1,1,1,0,.234,.297,.393,.690,9,9,R,Y.Chirinos (34),2018
107,Jul 31,@,NYY,"L,3-6",36,32,3,6,2,0,0,2,3,0,15,1,0,0,0,1,0,0,.234,.297,.392,.688,6,9,R,M.Tanaka (72),2018
2018
108,Aug 1,@,NYY,"W,7-5",42,40,7,15,2,0,1,7,2,0,9,0,0,0,0,0,0,0,.235,.298,.393,.691,8,10,R,S.Gray (15),2018
109,Aug 2,@,TEX,"L,8-17",43,40,8,14,1,0,3,8,2,0,6,0,1,0,0,0,0,0,.237,.299,.395,.694,8,11,R,Y.Gallardo (32),2018
110,Aug 3,@,TEX,"L,3-11",37,35,3,10,3,0,0,3,2,0,8,0,0,0,1,2,0,0,.237,.299,.395,.694,7,9,R,A.Jurado (48),2018
111,Aug 4,@,TEX,"L,1-3",31,31,1,5,1,0,0,1,0,0,7,0,0,0,0,1,0,0,.236,.298,.393,.691,3,9,L,M.Minor (71),2018
112,Aug 5,@,TEX,"W,9-6",38,34,9,11,1,0,4,9,3,0,5,0,1,0,0,1,1,0,.237,.299,.396,.695,2,10,R,D.Hutchison (20),2018
113,Aug 7,@,TBR,"L,3-4",34,32,3,7,2,0,2,3,1,0,13,1,0,0,0,2,1,0,.237,.298,.397,.695,4,9,R,T.Glasnow (63),2018
114,Aug 8,@,TBR,"W,5-4",36,34,5,7,1,0,3,5,2,0,9,0,0,0,0,0,1,0,.237,.298,.397,.696,4,11,R,R.Stanek (48),2018
115,Aug 9,@,TBR,"L,4-5",33,32,4,8,1,1,1,4,1,0,8,0,0,0,0,3,0,0,.237,.298,.398,.696,2,9,R,H.Wood (34),2018
116,Aug 10,,BOS,"L,12-19",47,41,12,17,3,0,3,11,4,0,10,0,1,1,1,1,1,1,.239,.300,.401,.701,8,10,R,N.Eovaldi (12),2018
117,Aug 11 (1),,BOS,"L,0-5",32,32,0,5,1,0,0,0,0,0,14,0,0,0,0,0,0,0,.238,.299,.399,.698,5,9,L,D.Price (72),2018
118,Aug 11 (2),,BOS,"L,4-6",41,32,4,7,1,0,2,4,8,0,4,1,0,0,0,0,1,2,.238,.299,.400,.699,10,11,R,H.Velazquez (45),2018
119,Aug 12,,BOS,"L,1-4",37,31,1,5,0,0,0,1,5,0,18,0,0,1,0,0,0,0,.237,.299,.398,.697,9,10,L,C.Sale (77),2018
120,Aug 14,,NYM,"W,6-3",37,30,6,11,2,0,3,6,5,0,2,0,1,1,0,2,0,0,.238,.300,.400,.700,7,10,L,J.Vargas (52),2018
121,Aug 15,,NYM,"L,5-16",42,38,5,12,2,0,1,5,3,0,7,1,0,0,0,1,0,0,.239,.301,.401,.702,10,11,R,Z.Wheeler (54),2018
122,Aug 17,@,CLE,"L,1-2",35,32,1,4,0,0,0,1,3,0,9,0,0,0,1,0,1,0,.238,.300,.399,.699,7,10,R,C.Carrasco (76),2018
123,Aug 18,@,CLE,"W,4-2",34,32,4,5,1,0,2,4,2,0,9,0,0,0,0,0,1,0,.237,.300,.398,.698,3,11,R,A.Plutko (64),2018
124,Aug 19,@,CLE,"L,0-8",34,32,0,9,2,0,0,0,1,0,10,1,0,0,0,3,0,0,.238,.300,.398,.698,7,11,R,M.Clevinger (64),2018
125,Aug 20,@,TOR,"L,3-5",38,34,3,8,2,0,1,3,3,0,7,0,0,1,0,0,2,0,.238,.300,.398,.697,8,9,R,M.Estrada (43),2018
126,Aug 21,@,TOR,"L,2-8",36,34,2,7,0,0,1,2,2,0,9,0,0,0,0,0,0,0,.237,.299,.397,.696,7,9,R,S.Gaviglio (63),2018
127,Aug 22,@,TOR,"L,0-6",33,29,0,2,0,0,0,0,3,0,8,1,0,0,1,0,1,0,.236,.298,.395,.693,6,9,L,T.Pannone (76),2018
128,Aug 24,,NYY,"L,5-7",42,40,5,10,0,0,2,5,2,0,13,0,0,0,1,1,0,0,.236,.298,.395,.693,7,9,L,C.Sabathia (60),2018
129,Aug 25 (1),,NYY,"L,3-10",38,36,3,8,1,0,0,3,2,0,11,0,0,0,1,0,0,0,.236,.298,.394,.692,8,10,L,J.Happ (62),2018
130,Aug 25 (2),,NYY,"L,1-5",36,34,1,7,3,0,0,1,2,0,11,0,0,0,0,0,0,0,.236,.298,.393,.691,8,9,R,S.Gray (73),2018
131,Aug 26,,NYY,"L,3-5",38,34,3,7,0,0,1,3,3,0,12,0,0,1,1,0,4,0,.236,.297,.392,.690,8,9,R,L.Severino (57),2018
132,Aug 27,,TOR,"W,7-0",37,33,7,11,2,0,1,7,3,1,3,0,1,0,0,1,2,0,.237,.298,.393,.691,6,9,R,S.Gaviglio (39),2018
133,Aug 28,,TOR,"W,12-5",42,38,12,17,2,1,2,12,1,0,2,2,0,1,0,1,1,0,.238,.300,.395,.695,6,10,L,T.Pannone (13),2018
134,Aug 29,,TOR,"W,10-5",42,39,10,13,2,0,2,7,1,0,5,1,1,0,4,0,2,1,.239,.300,.397,.697,8,9,L,R.Borucki (30),2018
135,Aug 31,@,KCR,"L,2-9",33,30,2,4,1,0,1,2,2,0,4,0,0,1,1,1,0,0,.238,.299,.396,.695,4,9,R,B.Keller (68),2018
2018
136,Sep 1,@,KCR,"L,4-5",38,36,4,13,1,0,2,4,1,0,7,0,0,1,0,2,1,0,.239,.300,.397,.697,7,9,R,H.Fillmyer (56),2018
137,Sep 2,@,KCR,"L,1-9",31,31,1,6,0,0,1,1,0,0,10,0,0,0,0,1,1,0,.239,.299,.396,.696,3,10,R,J.Lopez (71),2018
138,Sep 3,@,SEA,"L,1-2",30,30,1,3,0,0,1,1,0,0,12,0,0,0,1,1,0,0,.238,.298,.395,.693,2,9,R,E.Ramirez (65),2018
139,Sep 4,@,SEA,"W,5-3",42,39,5,15,1,0,1,4,2,0,7,0,1,0,0,1,0,0,.239,.299,.396,.695,10,11,L,W.LeBlanc (63),2018
140,Sep 5,@,SEA,"L,2-5",39,38,2,8,2,0,0,0,0,0,8,1,0,0,3,0,1,0,.239,.299,.395,.693,10,9,R,M.Leake (58),2018
141,Sep 7,@,TBR,"L,2-14",32,32,2,6,0,0,1,2,0,0,15,0,0,0,0,1,0,0,.239,.298,.394,.692,3,12,L,B.Snell (59),2018
142,Sep 8,@,TBR,"L,5-10",38,34,5,11,1,0,1,5,3,0,10,1,0,0,0,2,3,1,.239,.299,.394,.693,6,10,R,D.Castillo (51),2018
143,Sep 9,@,TBR,"L,3-8",37,33,3,9,2,1,0,3,3,0,10,0,0,1,0,0,0,1,.240,.299,.394,.693,7,10,R,R.Stanek (48),2018
144,Sep 11,,OAK,"L,2-3",33,32,2,6,0,0,1,2,1,0,11,0,0,0,0,1,2,0,.239,.298,.394,.692,4,11,R,M.Fiers (66),2018
145,Sep 12,,OAK,"L,0-10",29,28,0,1,0,0,0,0,1,0,5,0,0,0,1,1,0,0,.238,.297,.392,.689,2,14,R,L.Hendriks (51),2018
146,Sep 13,,OAK,"W,5-3",34,32,5,12,1,0,0,5,2,0,5,0,0,0,0,0,0,1,.239,.298,.392,.689,5,11,L,B.Anderson (31),2018
147,Sep 14,,CHW,"L,6-8",39,34,6,8,2,0,2,6,4,0,10,0,0,1,1,1,0,0,.239,.298,.392,.690,6,12,R,J.Shields (60),2018
148,Sep 15,,CHW,"L,0-2",34,31,0,5,0,0,0,0,3,0,6,0,0,0,0,1,0,0,.239,.297,.391,.688,7,10,R,R.Lopez (74),2018
149,Sep 16,,CHW,"W,8-4",40,33,8,11,2,0,2,7,3,0,4,2,1,1,1,3,2,0,.239,.298,.392,.690,8,11,R,L.Giolito (35),2018
150,Sep 17,,TOR,"L,0-5",30,29,0,3,0,0,0,0,1,0,10,0,0,0,0,1,2,0,.238,.297,.390,.688,3,9,L,R.Borucki (82),2018
151,Sep 18,,TOR,"L,4-6",36,30,4,6,0,1,1,2,3,0,5,2,0,1,0,1,2,1,.238,.297,.390,.688,5,10,R,A.Sanchez (40),2018
152,Sep 19,,TOR,"W,2-1",32,31,2,6,1,0,1,2,1,0,7,0,0,0,1,0,0,0,.238,.297,.390,.687,6,10,R,M.Estrada (64),2018
153,Sep 21,@,NYY,"L,8-10",43,39,8,13,0,0,3,8,4,0,8,0,0,0,0,1,2,0,.239,.298,.391,.689,8,10,L,C.Sabathia (54),2018
154,Sep 22,@,NYY,"L,2-3",47,43,2,12,3,0,0,2,4,1,13,0,0,0,1,0,2,1,.239,.298,.391,.689,12,12,R,L.Lynn (49),2018
155,Sep 23,@,NYY,"W,6-3",40,37,6,12,5,1,3,6,2,0,11,0,0,1,0,0,0,1,.240,.298,.393,.692,7,12,L,J.Happ (58),2018
156,Sep 24,@,BOS,"L,2-6",34,31,2,7,0,0,0,1,2,0,13,0,0,1,0,1,0,0,.240,.298,.392,.691,5,11,R,N.Eovaldi (65),2018
157,Sep 26 (1),@,BOS,"L,3-19",37,34,3,8,2,0,2,3,3,0,9,0,0,0,0,0,1,0,.239,.298,.393,.691,7,14,L,D.Price (46),2018
158,Sep 26 (2),@,BOS,"W,10-3",46,37,10,10,3,1,0,9,5,0,14,3,0,1,1,0,3,0,.240,.299,.393,.692,9,11,L,C.Sale (51),2018
159,Sep 28,,HOU,"L,1-2",33,32,1,6,2,0,0,1,1,0,7,0,0,0,0,0,0,1,.239,.298,.392,.690,5,11,R,G.Cole (61),2018
160,Sep 29 (1),,HOU,"L,3-4",34,32,3,7,2,0,1,3,2,0,11,0,0,0,0,1,0,0,.239,.298,.392,.690,4,10,R,J.Verlander (75),2018
161,Sep 29 (2),,HOU,"L,2-5",35,30,2,6,0,0,0,1,5,0,7,0,0,0,0,2,0,0,.239,.298,.391,.689,6,12,L,D.Keuchel (46),2018
162,Sep 30,,HOU,"W,4-0",33,31,4,8,4,0,0,3,1,0,10,1,0,0,0,1,2,0,.239,.298,.391,.689,5,11,R,C.Morton (60),2018
